"Muni_ID","ID","Muni","X1987","X1988","X1989","X1990","X1991","X1992","X1993","X1994","X1995","X1996","X1997","X1998","X1999","X2000","X2001","X2002","X2003","X2004","X2005","X2006","X2007","X2008","X2009","X2010","X2011","X2012","X2013","X2014","X2015","X2016","X2017"
1601,"1111601","Arcos de Valdevez",7,7,7,7,7,7,7,6,6,6,6,6,5,5,5,5,5,5,4,4,4,4,2,4,4,4,4,4,3,4,3
1602,"1111602","Caminha",0,0,0,0,0,0,0,0,0,0,0,0,0,0,0,0,0,0,0,0,0,0,0,0,0,0,0,0,0,0,0
1603,"1111603","Melgaço",0,0,0,0,0,0,0,0,0,0,0,0,0,0,0,0,0,0,0,0,0,0,0,0,0,0,0,0,0,0,0
1604,"1111604","Monção",0,0,0,0,0,0,0,0,0,0,0,0,0,0,0,0,0,0,0,0,0,0,0,0,0,0,0,0,0,0,0
1605,"1111605","Paredes de Coura",0,0,0,0,0,0,0,0,0,0,0,0,0,0,0,0,0,0,0,0,0,0,0,0,0,0,0,0,0,0,0
1606,"1111606","Ponte da Barca",0,0,0,0,0,0,0,0,0,0,0,0,0,0,0,0,0,0,0,0,0,0,6,0,0,0,0,0,0,0,0
1607,"1111607","Ponte de Lima",16,15,15,15,14,14,15,14,14,14,14,13,12,12,11,11,10,9,8,8,7,7,7,6,6,6,6,5,5,5,4
1608,"1111608","Valença",0,0,0,0,0,0,0,0,0,0,0,0,0,0,0,0,0,0,0,0,0,0,0,0,0,0,0,0,0,0,0
1609,"1111609","Viana do Castelo",0,0,0,0,0,0,0,0,0,0,0,0,0,0,0,0,0,0,0,0,0,0,0,0,0,0,0,0,0,0,0
1610,"1111610","Vila Nova de Cerveira",0,0,0,0,0,0,0,0,0,0,0,0,0,0,0,0,0,0,0,0,0,0,0,0,0,0,0,0,0,0,0
301,"1120301","Amares",3,3,3,3,3,3,3,2,2,2,2,2,2,2,2,2,2,2,1,1,1,1,1,1,1,1,1,1,1,1,1
302,"1120302","Barcelos",4.5,4.5,4.5,4.5,4.5,4.5,4.5,4.5,4.5,4.5,4.5,4.5,3.8,4.5,4.5,4.5,3.8,3.8,3.8,3.8,3.8,3.8,3,3.8,3.8,3.8,3.8,3,3,3.8,3
303,"1120303","Braga",6,6,6,5.4,5.4,5.4,6,5.4,5.4,5.4,5.4,5.4,4.8,4.8,4.8,4.8,4.2,4.2,3.6,3.6,3.6,3.6,3,3.6,3.6,3.6,3.6,3,3,3,2.4
306,"1120306","Esposende",0,0,0,0,0,0,0,0,0,0,0,0,0,0,0,0,0,0,0,0,0,0,0,0,0,0,0,0,0,0,0
310,"1120310","Terras de Bouro",0,0,0,0,0,0,0,0,0,0,0,0,0,0,0,0,0,0,0,0,0,0,0,0,0,0,0,0,0,0,0
313,"1120313","Vila Verde",2.6,2.4,2.4,2.3,2.3,2.2,2.2,2.1,2,1.9,2,1.8,1.4,1.6,1.6,1.4,1.4,1.3,1.1,1.2,1.1,1.2,1,1.2,1.1,1.1,1.2,1,0.9,1,0.8
307,"1130307","Fafe",0,0,0,0,0,0,0,0,0,0,0,0,0,0,0,0,0,0,0,0,0,0,0,0,0,0,0,0,0,0,0
308,"1130308","Guimarães",0,0,0,0,0,0,0,0,0,0,0,0,0,0,0,0,0,0,0,0,0,0,0,0,0,0,0,0,0,0,0
309,"1130309","Póvoa de Lanhoso",0,0,0,0,0,0,0,0,0,0,0,0,0,0,0,0,0,0,0,0,0,0,0,0,0,0,0,0,0,0,0
1314,"1131314","Santo Tirso",0,0,0,0,0,0,0,0,0,0,0,0,0,0,0,0,0,0,0,0,0,0,0,0,0,0,0,0,0,0,0
1318,"1131318","Trofa",0,0,0,0,0,0,0,0,0,0,0,0,0,0,0,0,0,0,0,0,0,0,0,0,0,0,0,0,0,0,0
311,"1130311","Vieira do Minho",0,0,0,0,0,0,0,0,0,0,0,0,0,0,0,0,0,0,0,0,0,0,0,0,0,0,0,0,0,0,0
312,"1130312","Vila Nova de Famalicão",0,0,0,0,0,0,0,0,0,0,0,0,0,0,0,0,0,0,0,0,0,0,0,0,0,0,0,0,0,0,0
314,"1130314","Vizela",0,0,0,0,0,0,0,0,0,0,0,0,0,0,0,0,0,0,0,0,0,0,0,0,0,0,0,0,0,0,0
107,"1140107","Espinho",0,0,0,0,0,0,0,0,0,0,0,0,0,0,0,0,0,0,0,0,0,0,0,0,0,0,0,0,0,0,0
1304,"1141304","Gondomar",0,0,0,0,0,0,0,0,0,0,0,0,0,0,0,0,0,0,0,0,0,0,0,0,0,0,0,0,0,0,0
1306,"1141306","Maia",0,0,0,0,0,0,0,0,0,0,0,0,0,0,0,0,0,0,0,0,0,0,0,0,0,0,0,0,0,0,0
1308,"1141308","Matosinhos",0,0,0,0,0,0,0,0,0,0,0,0,0,0,0,0,0,0,0,0,0,0,0,0,0,0,0,0,0,0,0
1312,"1141312","Porto",0,0,0,0,0,0,0,0,0,0,0,0,0,0,0,0,0,0,0,0,0,0,0,0,0,0,0,0,0,0,0
1313,"1141313","Póvoa de Varzim",0,0,0,0,0,0,0,0,0,0,0,0,0,0,0,0,0,0,0,0,0,0,0,0,0,0,0,0,0,0,0
1315,"1141315","Valongo",0,0,0,0,0,0,0,0,0,0,0,0,0,0,0,0,0,0,0,0,0,0,0,0,0,0,0,0,0,0,0
1316,"1141316","Vila do Conde",0,0,0,0,0,0,0,0,0,0,0,0,0,0,0,0,0,0,0,0,0,0,0,0,0,0,0,0,0,0,0
1317,"1141317","Vila Nova de Gaia",0,0,0,0,0,0,0,0,0,0,0,0,0,0,0,0,0,0,0,0,0,0,0,0,0,0,0,0,0,0,0
1301,"1151301","Amarante",0,0,0,0,0,0,0,0,0,0,0,0,0,0,0,0,0,0,0,0,0,0,0,0,0,0,0,0,0,0,0
1302,"1151302","Baião",5.7,5.7,5.7,5.3,5.3,5.3,5.7,5,5.3,5,5.3,4.7,4.3,4.3,4,3.7,3.7,3.3,2.7,2.7,2.3,2.3,2,2,2,2,2,1.7,1.7,1.7,1.3
304,"1150304","Cabeceiras de Basto",0,0,0,0,0,0,0,0,0,0,0,0,0,0,0,0,0,0,0,0,0,0,0,0,0,0,0,0,0,0,0
106,"1150106","Castelo de Paiva",2,2,2,2,2,2,2,2,2,1,2,1,1,1,1,1,1,1,1,1,1,1,1,1,1,1,1,1,1,1,1
305,"1150305","Celorico de Basto",0,0,0,0,0,0,0,0,0,0,0,0,0,0,0,0,0,0,0,0,0,0,0,0,0,0,0,0,0,0,0
1804,"1151804","Cinfães",12,11.3,11.3,10.7,10.7,10,10.7,9.3,9.3,8.7,8.7,7.3,6.7,6.7,6.7,6,6,5.3,4.7,4.7,4,4.7,4,4,4,4,4,3.3,3.3,3.3,2.7
1303,"1151303","Felgueiras",6,6,6,6,6,6,6,6,6,6,6,6,5,5,5,5,5,4,4,4,4,4,2,4,4,3,4,3,3,3,3
1305,"1151305","Lousada",0,0,0,0,0,0,0,0,0,0,0,0,0,0,0,0,0,0,0,0,0,0,0,0,0,0,0,0,0,0,0
1307,"1151307","Marco de Canaveses",3.2,3.2,3.2,3.2,3.2,3.2,3.2,3,3,3,3.2,3,2.8,2.8,2.5,2.5,2.2,2,1.8,1.8,1.5,1.5,1,1.5,1.2,1.2,1.5,1.2,1,1.2,1
1705,"1151705","Mondim de Basto",0,0,0,0,0,0,0,0,0,0,0,0,0,0,0,0,0,0,0,0,0,0,0,0,0,0,0,0,0,0,0
1309,"1151309","Paços de Ferreira",0,0,0,0,0,0,0,0,0,0,0,0,0,0,0,0,0,0,0,0,0,0,0,0,0,0,0,0,0,0,0
1310,"1151310","Paredes",0,0,0,0,0,0,0,0,0,0,0,0,0,0,0,0,0,0,0,0,0,0,0,0,0,0,0,0,0,0,0
1311,"1151311","Penafiel",4,4,4,3,3,3,3,3,3,3,3,3,2,3,2,2,2,2,2,2,2,2,1,2,2,2,2,1,1,2,1
1813,"1151813","Resende",409.6,400.6,399,380.9,371,361.2,368.6,339.9,334.1,317.7,324.3,293.9,249.6,267.6,254.5,241.3,228.2,215.9,180.6,190.4,167.5,184.7,55,179.8,170.7,162.5,179,144.5,135.4,152.7,118.2
1709,"1151709","Ribeira de Pena",0,0,0,0,0,0,0,0,0,0,0,0,0,0,0,0,0,0,0,0,0,0,0,0,0,0,0,0,0,0,0
104,"1160104","Arouca",0,0,0,0,0,0,0,0,0,0,0,0,0,0,0,0,0,0,0,0,0,0,0,0,0,0,0,0,0,0,0
113,"1160113","Oliveira de Azeméis",0,0,0,0,0,0,0,0,0,0,0,0,0,0,0,0,0,0,0,0,0,0,0,0,0,0,0,0,0,0,0
109,"1160109","Santa Maria da Feira",0,0,0,0,0,0,0,0,0,0,0,0,0,0,0,0,0,0,0,0,0,0,0,0,0,0,0,0,0,0,0
116,"1160116","São João da Madeira",0,0,0,0,0,0,0,0,0,0,0,0,0,0,0,0,0,0,0,0,0,0,0,0,0,0,0,0,0,0,0
119,"1160119","Vale de Cambra",0,0,0,0,0,0,0,0,0,0,0,0,0,0,0,0,0,0,0,0,0,0,0,0,0,0,0,0,0,0,0
1701,"1171701","Alijó",22,22,17,21,21,20,21,19,21,19,22,18,18,16,15,14,13,11,10,9,6,7,5,6,5,5,5,4,4,4,3
1801,"1171801","Armamar",0,0,0,0,0,0,0,0,0,0,0,0,0,0,0,0,0,0,0,0,0,0,0,0,0,0,0,0,0,0,0
403,"1170403","Carrazeda de Ansiães",0,0,0,0,0,0,0,0,0,0,0,0,0,0,0,0,0,0,0,0,0,0,0,0,0,0,0,0,0,0,0
404,"1170404","Freixo de Espada à Cinta",0,0,0,0,0,0,0,0,0,0,0,0,0,0,0,0,0,0,0,0,0,0,0,0,0,0,0,0,0,0,0
1805,"1171805","Lamego",41.1,40.3,32.6,36.9,34.3,31.7,31.7,27.4,28.3,22.3,24,18,16.3,15.4,15.4,14.6,14.6,14.6,13.7,13.7,11.1,14.6,12,15.4,14.6,13.7,12.9,12,11.1,12,9.4
1704,"1171704","Mesão Frio",0,0,0,0,0,0,0,0,0,0,0,0,0,0,0,0,0,0,0,0,0,0,0,0,0,0,0,0,0,0,0
1807,"1171807","Moimenta da Beira",3.3,3.3,2.7,3,3,2.7,2.7,2.3,2.7,2,2.3,2,1.7,1.7,1.7,1.7,1.7,1.7,1.3,1.3,1.3,1.7,1,1.7,1.7,1.3,1.3,1.3,1.3,1.3,1
1812,"1171812","Penedono",138,134.7,107.4,120.6,110.7,101.6,98.3,82.6,82.6,64.4,66.1,47.1,40.5,37.2,35.5,33,31.4,28.9,25.6,25.6,19,24,19,22.3,21.5,19.8,19,17.3,15.7,18.2,13.2
1708,"1171708","Peso da Régua",0,0,0,0,0,0,0,0,0,0,0,0,0,0,0,0,0,0,0,0,0,0,0,0,0,0,0,0,0,0,0
1710,"1171710","Sabrosa",7,7,6,7,7,7,7,6,7,6,7,6,6,5,5,5,4,4,4,4,3,3,2,3,3,3,3,2,2,2,2
1711,"1171711","Santa Marta de Penaguião",0,0,0,0,0,0,0,0,0,0,0,0,0,0,0,0,0,0,0,0,0,0,0,0,0,0,0,0,0,0,0
1815,"1171815","São João da Pesqueira",15,14,11,14,14,14,15,14,16,14,16,14,14,13,13,12,12,12,11,11,9,12,10,12,12,11,10,9,9,10,7
1818,"1171818","Sernancelhe",50.5,49,39,44.5,41,38,37.5,31.5,32,25.5,27,20,17.5,17,17,17,17,17.5,16.5,17.5,15,20.5,14,21.5,20.5,19.5,18.5,17,15.5,17.5,13
1819,"1171819","Tabuaço",13,13,10,12,11,10,10,8,8,7,7,5,4,4,4,4,4,4,4,4,3,4,3,4,4,4,4,3,3,3,3
1820,"1171820","Tarouca",0,0,0,0,0,0,0,0,0,0,0,0,0,0,0,0,0,0,0,0,0,0,0,0,0,0,0,0,0,0,0
409,"1170409","Torre de Moncorvo",0,0,0,0,0,0,0,0,0,0,0,0,0,0,0,0,0,0,0,0,0,0,0,0,0,0,0,0,0,0,0
410,"1170410","Vila Flor",2,2,1,2,2,2,2,2,3,2,3,3,3,2,2,2,2,2,1,1,1,1,1,1,1,1,1,1,1,1,0
914,"1170914","Vila Nova de Foz Côa",0,0,0,0,0,0,0,0,0,0,0,0,0,0,0,0,0,0,0,0,0,0,0,0,0,0,0,0,0,0,0
1714,"1171714","Vila Real",0,0,0,0,0,0,0,0,0,0,0,0,0,0,0,0,0,0,0,0,0,0,0,0,0,0,0,0,0,0,0
401,"1180401","Alfândega da Fé",0,0,0,0,0,0,0,0,0,0,0,0,0,0,0,0,0,0,0,0,0,0,0,0,0,0,0,0,0,0,0
1702,"1181702","Boticas",0,0,0,0,0,0,0,0,0,0,0,0,0,0,0,0,0,0,0,0,0,0,0,0,0,0,0,0,0,0,0
402,"1180402","Bragança",9,8,7,8,9,9,9,9,10,9,11,9,10,9,8,8,7,6,5,5,4,4,3,3,3,3,3,3,2,3,2
1703,"1181703","Chaves",13.6,13.6,10.4,12.8,12.8,12,12.8,12,12.8,11.2,12.8,11.2,11.2,10.4,9.6,8.8,8.8,8,7.2,7.2,5.6,7.2,4,7.2,6.4,6.4,6.4,5.6,4.8,5.6,4
405,"1180405","Macedo de Cavaleiros",4,4,3,3,3,3,3,3,3,3,3,2,2,2,2,2,2,1,1,1,1,1,1,1,1,1,1,1,1,1,1
406,"1180406","Miranda do Douro",0,0,0,0,0,0,0,0,0,0,0,0,0,0,0,0,0,0,0,0,0,0,0,0,0,0,0,0,0,0,0
407,"1180407","Mirandela",2.5,2.5,2,2.5,2.5,2.5,3,3,3.5,3,4,3.5,3.5,3,3,2.5,2.5,2,2,2,1.5,1.5,1,1,1,1,1,1,1,1,0.5
408,"1180408","Mogadouro",83,81,65,77,76,74,78,71,77,67,77,64,64,59,56,53,50,48,43,42,33,41,3,40,37,35,34,31,28,32,24
1706,"1181706","Montalegre",1,1,1,1,1,1,1,1,1,1,1,1,1,1,1,1,1,1,1,1,1,1,1,1,1,1,1,1,0,1,0
1707,"1181707","Murça",4.1,4,3.3,3.9,3.7,3.6,3.7,3.4,3.7,3.1,3.6,3,3,2.7,2.6,2.4,2.1,2,1.7,1.7,1.3,1.6,1,1.4,1.3,1.3,1.1,1.1,1,1.1,0.9
1712,"1181712","Valpaços",90.4,88.2,70.6,82.5,79.4,75.9,77.6,69.3,74.1,63.1,70.6,56.5,55.1,49.4,45.4,41.5,37.5,33.5,28.2,25.6,17.6,19,15,14.6,13.7,12.8,12.4,11,10.1,11.5,8.8
1713,"1181713","Vila Pouca de Aguiar",12,12,9,11,11,11,12,11,12,11,13,11,11,10,10,10,9,9,9,9,7,10,7,10,9,9,8,8,7,8,6
411,"1180411","Vimioso",14,14,11,13,13,13,14,13,14,12,14,12,12,11,10,9,8,8,7,6,5,5,5,5,4,4,4,4,3,4,3
412,"1180412","Vinhais",0,0,0,0,0,0,0,0,0,0,0,0,0,0,0,0,0,0,0,0,0,0,0,0,0,0,0,0,0,0,0
101,"1610101","Águeda",0,0,0,0,0,0,0,0,0,0,0,0,0,0,0,0,0,0,0,0,0,0,0,0,0,0,0,0,0,0,0
102,"1610102","Albergaria-a-Velha",0,0,0,0,0,0,0,0,0,0,0,0,0,0,0,0,0,0,0,0,0,0,0,0,0,0,0,0,0,0,0
103,"1610103","Anadia",0,0,0,0,0,0,0,0,0,0,0,0,0,0,0,0,0,0,0,0,0,0,0,0,0,0,0,0,0,0,0
105,"1610105","Aveiro",0,0,0,0,0,0,0,0,0,0,0,0,0,0,0,0,0,0,0,0,0,0,0,0,0,0,0,0,0,0,0
108,"1610108","Estarreja",0,0,0,0,0,0,0,0,0,0,0,0,0,0,0,0,0,0,0,0,0,0,0,0,0,0,0,0,0,0,0
110,"1610110","Ílhavo",0,0,0,0,0,0,0,0,0,0,0,0,0,0,0,0,0,0,0,0,0,0,0,0,0,0,0,0,0,0,0
111,"1610111","Mealhada",0,0,0,0,0,0,0,0,0,0,0,0,0,0,0,0,0,0,0,0,0,0,0,0,0,0,0,0,0,0,0
112,"1610112","Murtosa",0,0,0,0,0,0,0,0,0,0,0,0,0,0,0,0,0,0,0,0,0,0,0,0,0,0,0,0,0,0,0
114,"1610114","Oliveira do Bairro",0,0,0,0,0,0,0,0,0,0,0,0,0,0,0,0,0,0,0,0,0,0,0,0,0,0,0,0,0,0,0
115,"1610115","Ovar",0,0,0,0,0,0,0,0,0,0,0,0,0,0,0,0,0,0,0,0,0,0,0,0,0,0,0,0,0,0,0
117,"1610117","Sever do Vouga",14,14,13,13,13,13,13,12,12,11,10,11,10,10,9,9,8,8,7,7,7,7,5,7,7,6,6,6,5,6,4
118,"1610118","Vagos",0,0,0,0,0,0,0,0,0,0,0,0,0,0,0,0,0,0,0,0,0,0,0,0,0,0,0,0,0,0,0
602,"1620602","Cantanhede",0,0,0,0,0,0,0,0,0,0,0,0,0,0,0,0,0,0,0,0,0,0,0,0,0,0,0,0,0,0,0
603,"1620603","Coimbra",0,0,0,0,0,0,0,0,0,0,0,0,0,0,0,0,0,0,0,0,0,0,0,0,0,0,0,0,0,0,0
604,"1620604","Condeixa-a-Nova",0,0,0,0,0,0,0,0,0,0,0,0,0,0,0,0,0,0,0,0,0,0,0,0,0,0,0,0,0,0,0
605,"1620605","Figueira da Foz",0,0,0,0,0,0,0,0,0,0,0,0,0,0,0,0,0,0,0,0,0,0,0,0,0,0,0,0,0,0,0
608,"1620608","Mira",0,0,0,0,0,0,0,0,0,0,0,0,0,0,0,0,0,0,0,0,0,0,0,0,0,0,0,0,0,0,0
610,"1620610","Montemor-o-Velho",0,0,0,0,0,0,0,0,0,0,0,0,0,0,0,0,0,0,0,0,0,0,0,0,0,0,0,0,0,0,0
613,"1620613","Penacova",0,0,0,0,0,0,0,0,0,0,0,0,0,0,0,0,0,0,0,0,0,0,0,0,0,0,0,0,0,0,0
615,"1620615","Soure",0,0,0,0,0,0,0,0,0,0,0,0,0,0,0,0,0,0,0,0,0,0,0,0,0,0,0,0,0,0,0
1004,"1631004","Batalha",0,0,0,0,0,0,0,0,0,0,0,0,0,0,0,0,0,0,0,0,0,0,0,0,0,0,0,0,0,0,0
1009,"1631009","Leiria",0,0,0,0,0,0,0,0,0,0,0,0,0,0,0,0,0,0,0,0,0,0,0,0,0,0,0,0,0,0,0
1010,"1631010","Marinha Grande",0,0,0,0,0,0,0,0,0,0,0,0,0,0,0,0,0,0,0,0,0,0,0,0,0,0,0,0,0,0,0
1015,"1631015","Pombal",0,0,0,0,0,0,0,0,0,0,0,0,0,0,0,0,0,0,0,0,0,0,0,0,0,0,0,0,0,0,0
1016,"1631016","Porto de Mós",0,0,0,0,0,0,0,0,0,0,0,0,0,0,0,0,0,0,0,0,0,0,0,0,0,0,0,0,0,0,0
1002,"1641002","Alvaiázere",0,0,0,0,0,0,0,0,0,0,0,0,0,0,0,0,0,0,0,0,0,0,0,0,0,0,0,0,0,0,0
1003,"1641003","Ansião",0,0,0,0,0,0,0,0,0,0,0,0,0,0,0,0,0,0,0,0,0,0,0,0,0,0,0,0,0,0,0
601,"1640601","Arganil",0,0,0,0,0,0,0,0,0,0,0,0,0,0,0,0,0,0,0,0,0,0,0,0,0,0,0,0,0,0,0
1007,"1641007","Castanheira de Pêra",0,0,0,0,0,0,0,0,0,0,0,0,0,0,0,0,0,0,0,0,0,0,0,0,0,0,0,0,0,0,0
1008,"1641008","Figueiró dos Vinhos",0,0,0,0,0,0,0,0,0,0,0,0,0,0,0,0,0,0,0,0,0,0,0,0,0,0,0,0,0,0,0
606,"1640606","Góis",0,0,0,0,0,0,0,0,0,0,0,0,0,0,0,0,0,0,0,0,0,0,0,0,0,0,0,0,0,0,0
607,"1640607","Lousã",0,0,0,0,0,0,0,0,0,0,0,0,0,0,0,0,0,0,0,0,0,0,0,0,0,0,0,0,0,0,0
609,"1640609","Miranda do Corvo",0,0,0,0,0,0,0,0,0,0,0,0,0,0,0,0,0,0,0,0,0,0,0,0,0,0,0,0,0,0,0
611,"1640611","Oliveira do Hospital",0,0,0,0,0,0,0,0,0,0,0,0,0,0,0,0,0,0,0,0,0,0,0,0,0,0,0,0,0,0,0
612,"1640612","Pampilhosa da Serra",0,0,0,0,0,0,0,0,0,0,0,0,0,0,0,0,0,0,0,0,0,0,0,0,0,0,0,0,0,0,0
1013,"1641013","Pedrógão Grande",0,0,0,0,0,0,0,0,0,0,0,0,0,0,0,0,0,0,0,0,0,0,0,0,0,0,0,0,0,0,0
614,"1640614","Penela",0,0,0,0,0,0,0,0,0,0,0,0,0,0,0,0,0,0,0,0,0,0,0,0,0,0,0,0,0,0,0
616,"1640616","Tábua",0,0,0,0,0,0,0,0,0,0,0,0,0,0,0,0,0,0,0,0,0,0,0,0,0,0,0,0,0,0,0
617,"1640617","Vila Nova de Poiares",0,0,0,0,0,0,0,0,0,0,0,0,0,0,0,0,0,0,0,0,0,0,0,0,0,0,0,0,0,0,0
901,"1650901","Aguiar da Beira",8,7.5,7.5,7.5,7.5,7.5,8,7,7,7,6.5,7,6.5,6.5,6,6,5.5,5.5,5,4.5,4.5,4.5,4,4.5,4,4,4,3.5,3.5,3.5,3
1802,"1651802","Carregal do Sal",0,0,0,0,0,0,0,0,0,0,0,0,0,0,0,0,0,0,0,0,0,0,0,0,0,0,0,0,0,0,0
1803,"1651803","Castro Daire",8,8,8,8,8,8,8,7,7,7,7,7,7,7,6,6,6,5,5,4,4,4,4,4,4,3,3,3,3,3,2
1806,"1651806","Mangualde",8.6,8.3,8,8,7.7,7.4,7.7,6.9,6.9,6.3,5.7,6,5.4,5.4,5.1,4.9,4.6,4.3,4,3.7,3.4,3.7,2,3.4,3.4,3.1,3.1,2.9,2.6,2.9,2.3
1808,"1651808","Mortágua",3,3,3,3,3,3,3,3,3,3,2,2,2,2,2,2,2,2,1,1,1,1,1,1,1,1,1,1,1,1,1
1809,"1651809","Nelas",0,0,0,0,0,0,0,0,0,0,0,0,0,0,0,0,0,0,0,0,0,0,0,0,0,0,0,0,0,0,0
1810,"1651810","Oliveira de Frades",7,7,7,7,6,6,6,6,5,5,4,4,4,4,4,4,3,3,3,3,3,3,2,3,3,3,3,2,2,3,2
1811,"1651811","Penalva do Castelo",0,0,0,0,0,0,0,0,0,0,0,0,0,0,0,0,0,0,0,0,0,0,0,0,0,0,0,0,0,0,0
1814,"1651814","Santa Comba Dão",0,0,0,0,0,0,0,0,0,0,0,0,0,0,0,0,0,0,0,0,0,0,0,0,0,0,0,0,0,0,0
1816,"1651816","São Pedro do Sul",7,7,7,7,6,6,7,6,6,6,5,5,5,5,5,5,5,5,4,4,4,5,4,5,5,4,4,4,4,4,3
1817,"1651817","Sátão",39.1,38.2,37.3,36.4,34.5,32.7,33.6,30,28.2,26.4,23.6,22.7,20.9,20,20,19.1,18.2,17.3,16.4,15.5,14.5,16.4,10,16.4,15.5,14.5,13.6,12.7,11.8,13.6,10
1821,"1651821","Tondela",17,17,16,16,16,15,16,14,14,14,13,13,12,12,11,10,10,9,8,8,7,7,4,7,7,6,6,5,5,6,4
1822,"1651822","Vila Nova de Paiva",3,3,3,3,3,3,3,3,3,3,3,3,3,3,3,3,2,2,2,2,2,2,3,2,2,2,2,2,2,2,1
1823,"1651823","Viseu",9,9,9,8,8,8,8,7,7,7,6,6,5,5,5,5,4,4,3,3,3,3,2,2,2,2,2,2,2,2,2
1824,"1651824","Vouzela",0,0,0,0,0,0,0,0,0,0,0,0,0,0,0,0,0,0,0,0,0,0,0,0,0,0,0,0,0,0,0
1413,"1661413","Mação",0,0,0,0,0,0,0,0,0,0,0,0,0,0,0,0,0,0,0,0,0,0,0,0,0,0,0,0,0,0,0
506,"1660506","Oleiros",0,0,0,0,0,0,0,0,0,0,0,0,0,0,0,0,0,0,0,0,0,0,0,0,0,0,0,0,0,0,0
508,"1660508","Proença-a-Nova",0,0,0,0,0,0,0,0,0,0,0,0,0,0,0,0,0,0,0,0,0,0,0,0,0,0,0,0,0,0,0
509,"1660509","Sertã",0,0,0,0,0,0,0,0,0,0,0,0,0,0,0,0,0,0,0,0,0,0,0,0,0,0,0,0,0,0,0
510,"1660510","Vila de Rei",0,0,0,0,0,0,0,0,0,0,0,0,0,0,0,0,0,0,0,0,0,0,0,0,0,0,0,0,0,0,0
905,"1670905","Fornos de Algodres",1.5,1.5,1.5,1.5,1.5,1.5,1.5,1.5,1.5,1.5,2,2,2,1.5,1.5,1.5,1.5,1.5,1.5,1.5,1.5,1.5,1,1.5,1.5,1.5,1,1.5,1,1.5,1
906,"1670906","Gouveia",10.7,10.7,10.7,10.7,10.7,10.7,9.8,9.8,8.9,9.8,9.8,9.8,10.7,9.8,9.8,8.9,8.9,8.9,9.8,8.9,8.9,10.7,8,10.7,10.7,9.8,8,8.9,8,9.8,7.1
912,"1670912","Seia",8,8,8,7,7,7,7,7,6,7,7,7,7,6,6,6,6,5,6,5,5,5,4,5,5,5,4,4,4,5,4
902,"1680902","Almeida",0,0,0,0,0,0,0,0,0,0,0,0,0,0,0,0,0,0,0,0,0,0,0,0,0,0,0,0,0,0,0
903,"1680903","Celorico da Beira",12.8,12,12,12,11.2,11.2,11.2,11.2,9.6,10.4,10.4,10.4,11.2,9.6,9.6,8.8,8.8,8,8,7.2,7.2,7.2,4,7.2,7.2,6.4,5.6,5.6,5.6,6.4,4.8
904,"1680904","Figueira de Castelo Rodrigo",0,0,0,0,0,0,0,0,0,0,0,0,0,0,0,0,0,0,0,0,0,0,0,0,0,0,0,0,0,0,0
907,"1680907","Guarda",19.2,18.8,18.8,18.1,17.3,16.9,16.2,15.8,14,14.7,14.4,14,14.7,12.5,11.8,11.1,10.3,9.6,9.6,8.1,7.7,7.7,7,7,6.6,6.3,5.2,5.5,5.5,5.9,4.8
908,"1680908","Manteigas",0,0,0,0,0,0,0,0,0,0,0,0,0,0,0,0,0,0,0,0,0,0,0,0,0,0,0,0,0,0,0
909,"1680909","Mêda",0,0,0,0,0,0,0,0,0,0,0,0,0,0,0,0,0,0,0,0,0,0,0,0,0,0,0,0,0,0,0
910,"1680910","Pinhel",0,0,0,0,0,0,0,0,0,0,0,0,0,0,0,0,0,0,0,0,0,0,0,0,0,0,0,0,0,0,0
911,"1680911","Sabugal",0,0,0,0,0,0,0,0,0,0,0,0,0,0,0,0,0,0,0,0,0,0,0,0,0,0,0,0,0,0,0
913,"1680913","Trancoso",10,9,9,9,9,9,9,10,9,10,10,10,11,9,9,8,7,7,6,5,5,5,6,4,4,4,3,3,3,3,3
502,"1690502","Castelo Branco",0,0,0,0,0,0,0,0,0,0,0,0,0,0,0,0,0,0,0,0,0,0,0,0,0,0,0,0,0,0,0
505,"1690505","Idanha-a-Nova",0,0,0,0,0,0,0,0,0,0,0,0,0,0,0,0,0,0,0,0,0,0,0,0,0,0,0,0,0,0,0
507,"1690507","Penamacor",0,0,0,0,0,0,0,0,0,0,0,0,0,0,0,0,0,0,0,0,0,0,0,0,0,0,0,0,0,0,0
511,"1690511","Vila Velha de Ródão",0,0,0,0,0,0,0,0,0,0,0,0,0,0,0,0,0,0,0,0,0,0,0,0,0,0,0,0,0,0,0
501,"16A0501","Belmonte",0,0,0,0,0,0,0,0,0,0,0,0,0,0,0,0,0,0,0,0,0,0,0,0,0,0,0,0,0,0,0
503,"16A0503","Covilhã",6.8,6.8,6.8,6.8,6.4,6.4,6.4,6.4,6,6.4,6.4,6.4,6.8,6,5.6,5.6,5.2,4.8,4.8,4.4,4.4,4.4,4,4.4,4.4,4,3.2,3.6,3.2,3.6,2.8
504,"16A0504","Fundão",0,0,0,0,0,0,0,0,0,0,0,0,0,0,0,0,0,0,0,0,0,0,0,0,0,0,0,0,0,0,0
1001,"16B1001","Alcobaça",0,0,0,0,0,0,0,0,0,0,0,0,0,0,0,0,0,0,0,0,0,0,0,0,0,0,0,0,0,0,0
1101,"16B1101","Alenquer",0,0,0,0,0,0,0,0,0,0,0,0,0,0,0,0,0,0,0,0,0,0,0,0,0,0,0,0,0,0,0
1102,"16B1102","Arruda dos Vinhos",0,0,0,0,0,0,0,0,0,0,0,0,0,0,0,0,0,0,0,0,0,0,0,0,0,0,0,0,0,0,0
1005,"16B1005","Bombarral",0,0,0,0,0,0,0,0,0,0,0,0,0,0,0,0,0,0,0,0,0,0,0,0,0,0,0,0,0,0,0
1104,"16B1104","Cadaval",0,0,0,0,0,0,0,0,0,0,0,0,0,0,0,0,0,0,0,0,0,0,0,0,0,0,0,0,0,0,0
1006,"16B1006","Caldas da Rainha",0,0,0,0,0,0,0,0,0,0,0,0,0,0,0,0,0,0,0,0,0,0,0,0,0,0,0,0,0,0,0
1108,"16B1108","Lourinhã",0,0,0,0,0,0,0,0,0,0,0,0,0,0,0,0,0,0,0,0,0,0,0,0,0,0,0,0,0,0,0
1011,"16B1011","Nazaré",0,0,0,0,0,0,0,0,0,0,0,0,0,0,0,0,0,0,0,0,0,0,0,0,0,0,0,0,0,0,0
1012,"16B1012","Óbidos",0,0,0,0,0,0,0,0,0,0,0,0,0,0,0,0,0,0,0,0,0,0,0,0,0,0,0,0,0,0,0
1014,"16B1014","Peniche",0,0,0,0,0,0,0,0,0,0,0,0,0,0,0,0,0,0,0,0,0,0,0,0,0,0,0,0,0,0,0
1112,"16B1112","Sobral de Monte Agraço",0,0,0,0,0,0,0,0,0,0,0,0,0,0,0,0,0,0,0,0,0,0,0,0,0,0,0,0,0,0,0
1113,"16B1113","Torres Vedras",0,0,0,0,0,0,0,0,0,0,0,0,0,0,0,0,0,0,0,0,0,0,0,0,0,0,0,0,0,0,0
1401,"16C1401","Abrantes",0,0,0,0,0,0,0,0,0,0,0,0,0,0,0,0,0,0,0,0,0,0,0,0,0,0,0,0,0,0,0
1402,"16C1402","Alcanena",0,0,0,0,0,0,0,0,0,0,0,0,0,0,0,0,0,0,0,0,0,0,0,0,0,0,0,0,0,0,0
1408,"16C1408","Constância",0,0,0,0,0,0,0,0,0,0,0,0,0,0,0,0,0,0,0,0,0,0,0,0,0,0,0,0,0,0,0
1410,"16C1410","Entroncamento",0,0,0,0,0,0,0,0,0,0,0,0,0,0,0,0,0,0,0,0,0,0,0,0,0,0,0,0,0,0,0
1411,"16C1411","Ferreira do Zêzere",0,0,0,0,0,0,0,0,0,0,0,0,0,0,0,0,0,0,0,0,0,0,0,0,0,0,0,0,0,0,0
1421,"16C1421","Ourém",0,0,0,0,0,0,0,0,0,0,0,0,0,0,0,0,0,0,0,0,0,0,0,0,0,0,0,0,0,0,0
1417,"16C1417","Sardoal",0,0,0,0,0,0,0,0,0,0,0,0,0,0,0,0,0,0,0,0,0,0,0,0,0,0,0,0,0,0,0
1418,"16C1418","Tomar",0,0,0,0,0,0,0,0,0,0,0,0,0,0,0,0,0,0,0,0,0,0,0,0,0,0,0,0,0,0,0
1419,"16C1419","Torres Novas",0,0,0,0,0,0,0,0,0,0,0,0,0,0,0,0,0,0,0,0,0,0,0,0,0,0,0,0,0,0,0
1420,"16C1420","Vila Nova da Barquinha",0,0,0,0,0,0,0,0,0,0,0,0,0,0,0,0,0,0,0,0,0,0,0,0,0,0,0,0,0,0,0
1115,"1711115","Amadora",0,0,0,0,0,0,0,0,0,0,0,0,0,0,0,0,0,0,0,0,0,0,0,0,0,0,0,0,0,0,0
1105,"1711105","Cascais",0,0,0,0,0,0,0,0,0,0,0,0,0,0,0,0,0,0,0,0,0,0,0,0,0,0,0,0,0,0,0
1106,"1711106","Lisboa",0,0,0,0,0,0,0,0,0,0,0,0,0,0,0,0,0,0,0,0,0,0,0,0,0,0,0,0,0,0,0
1107,"1711107","Loures",0,0,0,0,0,0,0,0,0,0,0,0,0,0,0,0,0,0,0,0,0,0,0,0,0,0,0,0,0,0,0
1109,"1711109","Mafra",0,0,0,0,0,0,0,0,0,0,0,0,0,0,0,0,0,0,0,0,0,0,0,0,0,0,0,0,0,0,0
1116,"1711116","Odivelas",0,0,0,0,0,0,0,0,0,0,0,0,0,0,0,0,0,0,0,0,0,0,0,0,0,0,0,0,0,0,0
1110,"1711110","Oeiras",0,0,0,0,0,0,0,0,0,0,0,0,0,0,0,0,0,0,0,0,0,0,0,0,0,0,0,0,0,0,0
1111,"1711111","Sintra",0,0,0,0,0,0,0,0,0,0,0,0,0,0,0,0,0,0,0,0,0,0,0,0,0,0,0,0,0,0,0
1114,"1711114","Vila Franca de Xira",0,0,0,0,0,0,0,0,0,0,0,0,0,0,0,0,0,0,0,0,0,0,0,0,0,0,0,0,0,0,0
1502,"1721502","Alcochete",0,0,0,0,0,0,0,0,0,0,0,0,0,0,0,0,0,0,0,0,0,0,0,0,0,0,0,0,0,0,0
1503,"1721503","Almada",0,0,0,0,0,0,0,0,0,0,0,0,0,0,0,0,0,0,0,0,0,0,0,0,0,0,0,0,0,0,0
1504,"1721504","Barreiro",0,0,0,0,0,0,0,0,0,0,0,0,0,0,0,0,0,0,0,0,0,0,0,0,0,0,0,0,0,0,0
1506,"1721506","Moita",0,0,0,0,0,0,0,0,0,0,0,0,0,0,0,0,0,0,0,0,0,0,0,0,0,0,0,0,0,0,0
1507,"1721507","Montijo",0,0,0,0,0,0,0,0,0,0,0,0,0,0,0,0,0,0,0,0,0,0,0,0,0,0,0,0,0,0,0
1508,"1721508","Palmela",0,0,0,0,0,0,0,0,0,0,0,0,0,0,0,0,0,0,0,0,0,0,0,0,0,0,0,0,0,0,0
1510,"1721510","Seixal",0,0,0,0,0,0,0,0,0,0,0,0,0,0,0,0,0,0,0,0,0,0,0,0,0,0,0,0,0,0,0
1511,"1721511","Sesimbra",0,0,0,0,0,0,0,0,0,0,0,0,0,0,0,0,0,0,0,0,0,0,0,0,0,0,0,0,0,0,0
1512,"1721512","Setúbal",0,0,0,0,0,0,0,0,0,0,0,0,0,0,0,0,0,0,0,0,0,0,0,0,0,0,0,0,0,0,0
1501,"1811501","Alcácer do Sal",0,0,0,0,0,0,0,0,0,0,0,0,0,0,0,0,0,0,0,0,0,0,0,0,0,0,0,0,0,0,0
1505,"1811505","Grândola",0,0,0,0,0,0,0,0,0,0,0,0,0,0,0,0,0,0,0,0,0,0,0,0,0,0,0,0,0,0,0
211,"1810211","Odemira",0,0,0,0,0,0,0,0,0,0,0,0,0,0,0,0,0,0,0,0,0,0,0,0,0,0,0,0,0,0,0
1509,"1811509","Santiago do Cacém",0,0,0,0,0,0,0,0,0,0,0,0,0,0,0,0,0,0,0,0,0,0,0,0,0,0,0,0,0,0,0
1513,"1811513","Sines",0,0,0,0,0,0,0,0,0,0,0,0,0,0,0,0,0,0,0,0,0,0,0,0,0,0,0,0,0,0,0
1201,"1821201","Alter do Chão",0,0,0,0,0,0,0,0,0,0,0,0,0,0,0,0,0,0,0,0,0,0,0,0,0,0,0,0,0,0,0
1202,"1821202","Arronches",0,0,0,0,0,0,0,0,0,0,0,0,0,0,0,0,0,0,0,0,0,0,0,0,0,0,0,0,0,0,0
1203,"1821203","Avis",0,0,0,0,0,0,0,0,0,0,0,0,0,0,0,0,0,0,0,0,0,0,0,0,0,0,0,0,0,0,0
1204,"1821204","Campo Maior",0,0,0,0,0,0,0,0,0,0,0,0,0,0,0,0,0,0,0,0,0,0,0,0,0,0,0,0,0,0,0
1205,"1821205","Castelo de Vide",0,0,0,0,0,0,0,0,0,0,0,0,0,0,0,0,0,0,0,0,0,0,0,0,0,0,0,0,0,0,0
1206,"1821206","Crato",0,0,0,0,0,0,0,0,0,0,0,0,0,0,0,0,0,0,0,0,0,0,0,0,0,0,0,0,0,0,0
1207,"1821207","Elvas",0,0,0,0,0,0,0,0,0,0,0,0,0,0,0,0,0,0,0,0,0,0,0,0,0,0,0,0,0,0,0
1208,"1821208","Fronteira",0,0,0,0,0,0,0,0,0,0,0,0,0,0,0,0,0,0,0,0,0,0,0,0,0,0,0,0,0,0,0
1209,"1821209","Gavião",0,0,0,0,0,0,0,0,0,0,0,0,0,0,0,0,0,0,0,0,0,0,0,0,0,0,0,0,0,0,0
1210,"1821210","Marvão",0,0,0,0,0,0,0,0,0,0,0,0,0,0,0,0,0,0,0,0,0,0,0,0,0,0,0,0,0,0,0
1211,"1821211","Monforte",0,0,0,0,0,0,0,0,0,0,0,0,0,0,0,0,0,0,0,0,0,0,0,0,0,0,0,0,0,0,0
707,"1820707","Mora",0,0,0,0,0,0,0,0,0,0,0,0,0,0,0,0,0,0,0,0,0,0,0,0,0,0,0,0,0,0,0
1212,"1821212","Nisa",0,0,0,0,0,0,0,0,0,0,0,0,0,0,0,0,0,0,0,0,0,0,0,0,0,0,0,0,0,0,0
1213,"1821213","Ponte de Sor",0,0,0,0,0,0,0,0,0,0,0,0,0,0,0,0,0,0,0,0,0,0,0,0,0,0,0,0,0,0,0
1214,"1821214","Portalegre",0,0,0,0,0,0,0,0,0,0,0,0,0,0,0,0,0,0,0,0,0,0,0,0,0,0,0,0,0,0,0
701,"1830701","Alandroal",0,0,0,0,0,0,0,0,0,0,0,0,0,0,0,0,0,0,0,0,0,0,0,0,0,0,0,0,0,0,0
702,"1830702","Arraiolos",0,0,0,0,0,0,0,0,0,0,0,0,0,0,0,0,0,0,0,0,0,0,0,0,0,0,0,0,0,0,0
703,"1830703","Borba",0,0,0,0,0,0,0,0,0,0,0,0,0,0,0,0,0,0,0,0,0,0,0,0,0,0,0,0,0,0,0
704,"1830704","Estremoz",0,0,0,0,0,0,0,0,0,0,0,0,0,0,0,0,0,0,0,0,0,0,0,0,0,0,0,0,0,0,0
705,"1830705","Évora",0,0,0,0,0,0,0,0,0,0,0,0,0,0,0,0,0,0,0,0,0,0,0,0,0,0,0,0,0,0,0
706,"1830706","Montemor-o-Novo",0,0,0,0,0,0,0,0,0,0,0,0,0,0,0,0,0,0,0,0,0,0,0,0,0,0,0,0,0,0,0
708,"1830708","Mourão",0,0,0,0,0,0,0,0,0,0,0,0,0,0,0,0,0,0,0,0,0,0,0,0,0,0,0,0,0,0,0
709,"1830709","Portel",0,0,0,0,0,0,0,0,0,0,0,0,0,0,0,0,0,0,0,0,0,0,0,0,0,0,0,0,0,0,0
710,"1830710","Redondo",0,0,0,0,0,0,0,0,0,0,0,0,0,0,0,0,0,0,0,0,0,0,0,0,0,0,0,0,0,0,0
711,"1830711","Reguengos de Monsaraz",0,0,0,0,0,0,0,0,0,0,0,0,0,0,0,0,0,0,0,0,0,0,0,0,0,0,0,0,0,0,0
1215,"1831215","Sousel",0,0,0,0,0,0,0,0,0,0,0,0,0,0,0,0,0,0,0,0,0,0,0,0,0,0,0,0,0,0,0
712,"1830712","Vendas Novas",0,0,0,0,0,0,0,0,0,0,0,0,0,0,0,0,0,0,0,0,0,0,0,0,0,0,0,0,0,0,0
713,"1830713","Viana do Alentejo",0,0,0,0,0,0,0,0,0,0,0,0,0,0,0,0,0,0,0,0,0,0,0,0,0,0,0,0,0,0,0
714,"1830714","Vila Viçosa",0,0,0,0,0,0,0,0,0,0,0,0,0,0,0,0,0,0,0,0,0,0,0,0,0,0,0,0,0,0,0
201,"1840201","Aljustrel",0,0,0,0,0,0,0,0,0,0,0,0,0,0,0,0,0,0,0,0,0,0,0,0,0,0,0,0,0,0,0
202,"1840202","Almodôvar",0,0,0,0,0,0,0,0,0,0,0,0,0,0,0,0,0,0,0,0,0,0,0,0,0,0,0,0,0,0,0
203,"1840203","Alvito",0,0,0,0,0,0,0,0,0,0,0,0,0,0,0,0,0,0,0,0,0,0,0,0,0,0,0,0,0,0,0
204,"1840204","Barrancos",0,0,0,0,0,0,0,0,0,0,0,0,0,0,0,0,0,0,0,0,0,0,0,0,0,0,0,0,0,0,0
205,"1840205","Beja",0,0,0,0,0,0,0,0,0,0,0,0,0,0,0,0,0,0,0,0,0,0,0,0,0,0,0,0,0,0,0
206,"1840206","Castro Verde",0,0,0,0,0,0,0,0,0,0,0,0,0,0,0,0,0,0,0,0,0,0,0,0,0,0,0,0,0,0,0
207,"1840207","Cuba",0,0,0,0,0,0,0,0,0,0,0,0,0,0,0,0,0,0,0,0,0,0,0,0,0,0,0,0,0,0,0
208,"1840208","Ferreira do Alentejo",0,0,0,0,0,0,0,0,0,0,0,0,0,0,0,0,0,0,0,0,0,0,0,0,0,0,0,0,0,0,0
209,"1840209","Mértola",0,0,0,0,0,0,0,0,0,0,0,0,0,0,0,0,0,0,0,0,0,0,0,0,0,0,0,0,0,0,0
210,"1840210","Moura",0,0,0,0,0,0,0,0,0,0,0,0,0,0,0,0,0,0,0,0,0,0,0,0,0,0,0,0,0,0,0
212,"1840212","Ourique",0,0,0,0,0,0,0,0,0,0,0,0,0,0,0,0,0,0,0,0,0,0,0,0,0,0,0,0,0,0,0
213,"1840213","Serpa",0,0,0,0,0,0,0,0,0,0,0,0,0,0,0,0,0,0,0,0,0,0,0,0,0,0,0,0,0,0,0
214,"1840214","Vidigueira",0,0,0,0,0,0,0,0,0,0,0,0,0,0,0,0,0,0,0,0,0,0,0,0,0,0,0,0,0,0,0
1403,"1851403","Almeirim",0,0,0,0,0,0,0,0,0,0,0,0,0,0,0,0,0,0,0,0,0,0,0,0,0,0,0,0,0,0,0
1404,"1851404","Alpiarça",0,0,0,0,0,0,0,0,0,0,0,0,0,0,0,0,0,0,0,0,0,0,0,0,0,0,0,0,0,0,0
1103,"1851103","Azambuja",0,0,0,0,0,0,0,0,0,0,0,0,0,0,0,0,0,0,0,0,0,0,0,0,0,0,0,0,0,0,0
1405,"1851405","Benavente",0,0,0,0,0,0,0,0,0,0,0,0,0,0,0,0,0,0,0,0,0,0,0,0,0,0,0,0,0,0,0
1406,"1851406","Cartaxo",0,0,0,0,0,0,0,0,0,0,0,0,0,0,0,0,0,0,0,0,0,0,0,0,0,0,0,0,0,0,0
1407,"1851407","Chamusca",0,0,0,0,0,0,0,0,0,0,0,0,0,0,0,0,0,0,0,0,0,0,0,0,0,0,0,0,0,0,0
1409,"1851409","Coruche",0,0,0,0,0,0,0,0,0,0,0,0,0,0,0,0,0,0,0,0,0,0,0,0,0,0,0,0,0,0,0
1412,"1851412","Golegã",0,0,0,0,0,0,0,0,0,0,0,0,0,0,0,0,0,0,0,0,0,0,0,0,0,0,0,0,0,0,0
1414,"1851414","Rio Maior",0,0,0,0,0,0,0,0,0,0,0,0,0,0,0,0,0,0,0,0,0,0,0,0,0,0,0,0,0,0,0
1415,"1851415","Salvaterra de Magos",0,0,0,0,0,0,0,0,0,0,0,0,0,0,0,0,0,0,0,0,0,0,0,0,0,0,0,0,0,0,0
1416,"1851416","Santarém",0,0,0,0,0,0,0,0,0,0,0,0,0,0,0,0,0,0,0,0,0,0,0,0,0,0,0,0,0,0,0
801,"1500801","Albufeira",0,0,0,0,0,0,0,0,0,0,0,0,0,0,0,0,0,0,0,0,0,0,0,0,0,0,0,0,0,0,0
802,"1500802","Alcoutim",0,0,0,0,0,0,0,0,0,0,0,0,0,0,0,0,0,0,0,0,0,0,0,0,0,0,0,0,0,0,0
803,"1500803","Aljezur",0,0,0,0,0,0,0,0,0,0,0,0,0,0,0,0,0,0,0,0,0,0,0,0,0,0,0,0,0,0,0
804,"1500804","Castro Marim",0,0,0,0,0,0,0,0,0,0,0,0,0,0,0,0,0,0,0,0,0,0,0,0,0,0,0,0,0,0,0
805,"1500805","Faro",0,0,0,0,0,0,0,0,0,0,0,0,0,0,0,0,0,0,0,0,0,0,0,0,0,0,0,0,0,0,0
806,"1500806","Lagoa",0,0,0,0,0,0,0,0,0,0,0,0,0,0,0,0,0,0,0,0,0,0,0,0,0,0,0,0,0,0,0
807,"1500807","Lagos",0,0,0,0,0,0,0,0,0,0,0,0,0,0,0,0,0,0,0,0,0,0,0,0,0,0,0,0,0,0,0
808,"1500808","Loulé",0,0,0,0,0,0,0,0,0,0,0,0,0,0,0,0,0,0,0,0,0,0,0,0,0,0,0,0,0,0,0
809,"1500809","Monchique",0,0,0,0,0,0,0,0,0,0,0,0,0,0,0,0,0,0,0,0,0,0,0,0,0,0,0,0,0,0,0
810,"1500810","Olhão",0,0,0,0,0,0,0,0,0,0,0,0,0,0,0,0,0,0,0,0,0,0,0,0,0,0,0,0,0,0,0
811,"1500811","Portimão",0,0,0,0,0,0,0,0,0,0,0,0,0,0,0,0,0,0,0,0,0,0,0,0,0,0,0,0,0,0,0
812,"1500812","São Brás de Alportel",0,0,0,0,0,0,0,0,0,0,0,0,0,0,0,0,0,0,0,0,0,0,0,0,0,0,0,0,0,0,0
813,"1500813","Silves",0,0,0,0,0,0,0,0,0,0,0,0,0,0,0,0,0,0,0,0,0,0,0,0,0,0,0,0,0,0,0
814,"1500814","Tavira",0,0,0,0,0,0,0,0,0,0,0,0,0,0,0,0,0,0,0,0,0,0,0,0,0,0,0,0,0,0,0
815,"1500815","Vila do Bispo",0,0,0,0,0,0,0,0,0,0,0,0,0,0,0,0,0,0,0,0,0,0,0,0,0,0,0,0,0,0,0
816,"1500816","Vila Real de Santo António",0,0,0,0,0,0,0,0,0,0,0,0,0,0,0,0,0,0,0,0,0,0,0,0,0,0,0,0,0,0,0
