"Muni_ID","ID","Muni","X1987","X1988","X1989","X1990","X1991","X1992","X1993","X1994","X1995","X1996","X1997","X1998","X1999","X2000","X2001","X2002","X2003","X2004","X2005","X2006","X2007","X2008","X2009","X2010","X2011","X2012","X2013","X2014","X2015","X2016","X2017"
1601,"1111601","Arcos de Valdevez",33786,34085,34872,34085,33403,34580,33506,31656,29346,27326,24146,22234,21526,20064,19139,15099,14274,13648,10582,10470,9960,9968,8429,8217,9226,9110,8974,9316,8664,8054,7720
1602,"1111602","Caminha",8810,8802,9038,8764,8552,8763,8408,7803,7118,6493,5592,4972,4604,4414,4341,3542,3473,3457,2801,2910,2923,3114,2829,2757,3096,3058,3013,3127,2909,2704,2592
1603,"1111603","Melgaço",10055,10136,10252,9839,9474,9550,9027,8282,7379,6588,5485,4723,4034,3783,3580,2868,2710,2606,2034,2020,1932,1949,1663,1621,1816,1791,1770,1832,1705,1586,1519
1604,"1111604","Monção",33585,33900,34841,33562,32236,32725,30795,28128,25077,22163,18320,15379,13042,12406,12086,9779,9490,9344,7486,7683,7618,7998,7149,6971,7820,7721,7611,7896,7343,6826,6540
1605,"1111605","Paredes de Coura",10716,10805,11068,10918,10813,11333,11141,10680,10081,9585,8686,8232,8298,7735,7387,5826,5516,5275,4093,4056,3862,3872,3283,3200,3594,3552,3496,3633,3378,3140,3012
1606,"1111606","Ponte da Barca",19857,20041,20520,19855,19196,19597,18626,17220,15554,14025,11887,10393,9282,8682,8266,6566,6216,5966,4645,4611,4409,4439,3778,3684,4137,4085,4024,4179,3885,3612,3463
1607,"1111607","Ponte de Lima",60890,61202,62874,61728,60782,63312,61680,58512,54653,51268,45743,42534,41874,39797,38823,31332,30420,29926,23951,24581,24358,25557,22830,22259,24993,24691,24317,25252,23483,21830,20927
1608,"1111608","Valença",11623,11716,12043,11949,11905,12574,12451,12032,11471,11014,10108,9705,9962,9494,9295,7523,7334,7242,5820,6003,5974,6302,5667,5525,6202,6128,6039,6271,5830,5419,5194
1609,"1111609","Viana do Castelo",32990,33110,34009,33599,33346,35013,34450,33027,31242,29752,27024,25677,25970,24628,23982,19301,18692,18338,14631,14966,14783,15449,13738,13393,15039,14858,14629,15194,14129,13136,12592
1610,"1111610","Vila Nova de Cerveira",10339,10369,10670,10273,9907,10054,9492,8668,7747,6868,5704,4808,4136,3908,3795,3038,2930,2862,2272,2312,2270,2355,2078,2027,2277,2249,2214,2300,2138,1988,1906
301,"1120301","Amares",15995,16142,16548,16308,16090,16836,16474,15743,14802,14000,12612,11880,11858,11250,10949,8822,8544,8387,6694,6847,6763,7070,6291,6134,6887,6800,6702,6958,6470,6015,5766
302,"1120302","Barcelos",45616,45718,47027,45426,44000,44864,42615,39200,35350,31730,26784,23132,20612,19757,19459,15849,15550,15465,12522,13014,13076,13922,12638,12320,13836,13671,13459,13980,13001,12086,11586
303,"1120303","Braga",32164,32418,33118,33168,33368,35604,35735,35076,33957,33237,31124,30646,32288,30461,29519,23608,22725,22142,17532,17785,17407,18006,15825,15429,17329,17125,16854,17509,16283,15138,14512
306,"1120306","Esposende",12586,12545,12913,12607,12398,12822,12421,11668,10808,10034,8842,8085,7827,7388,7182,5741,5539,5405,4286,4356,4274,4435,3909,3810,4280,4231,4164,4327,4023,3740,3585
310,"1120310","Terras de Bouro",11270,11376,11651,11403,11168,11575,11209,10590,9817,9137,8067,7439,7166,6772,6534,5254,5051,4926,3904,3961,3879,4013,3529,3442,3863,3817,3758,3902,3629,3375,3234
313,"1120313","Vila Verde",48565,48963,50117,49145,48282,50193,48819,46292,43142,40418,35974,33420,32722,30996,30081,24209,23383,22898,18233,18598,18312,19076,16905,16481,18503,18275,18001,18689,17379,16157,15485
307,"1130307","Fafe",32345,32612,33108,32692,32452,33994,33550,32350,30636,29362,26782,25758,26067,24442,23372,18610,17693,17057,13348,13336,12834,13026,11201,10921,12255,12097,11926,12372,11506,10695,10250
308,"1130308","Guimarães",45394,45771,46564,45852,45342,47367,46513,44608,42034,39983,36201,34385,34574,32561,31425,25111,24078,23393,18466,18648,18166,18693,16332,15924,17872,17645,17390,18046,16782,15601,14951
309,"1130309","Póvoa de Lanhoso",25864,26091,26624,26076,25597,26564,25822,24494,22808,21362,19002,17652,17281,16131,15422,12188,11551,11076,8612,8553,8172,8220,6993,6817,7651,7554,7445,7726,7184,6679,6401
1314,"1131314","Santo Tirso",16618,16675,17044,16703,16477,17116,16698,15861,14814,13943,12468,11666,11502,10961,10700,8671,8435,8324,6683,6880,6841,7203,6462,6300,7074,6986,6882,7145,6645,6177,5922
1318,"1131318","Trofa",0,0,0,179,375,626,888,1136,1374,1644,1845,2153,2656,2627,2665,2246,2275,2337,1959,2106,2196,2424,2286,2229,2502,2474,2435,2529,2351,2185,2096
311,"1130311","Vieira do Minho",20262,20436,20814,20159,19556,19992,19106,17768,16161,14717,12636,11220,10331,9676,9287,7373,7020,6770,5297,5298,5102,5182,4460,4347,4878,4812,4748,4922,4577,4256,4078
312,"1130312","Vila Nova de Famalicão",23684,23837,24388,24147,24004,25271,24962,24074,22884,21927,20060,19207,19654,18591,18094,14506,14022,13718,10912,11126,10952,11401,10093,9839,11053,10924,10750,11169,10387,9656,9257
314,"1130314","Vizela",0,0,0,231,481,804,1136,1458,1766,2111,2371,2770,3417,3295,3262,2677,2640,2644,2157,2255,2285,2451,2244,2188,2459,2429,2390,2483,2310,2148,2060
107,"1140107","Espinho",456,461,475,475,475,508,507,496,477,464,431,418,439,426,426,350,349,352,288,304,312,337,311,303,340,336,331,346,320,298,285
1304,"1141304","Gondomar",10014,10016,10300,10122,10010,10442,10213,9706,9100,8575,7695,7196,7158,6863,6766,5512,5414,5388,4366,4542,4566,4866,4423,4312,4840,4783,4710,4892,4550,4228,4052
1306,"1141306","Maia",6548,6593,6785,6566,6347,6487,6155,5675,5122,4599,3884,3353,3000,2975,3040,2562,2609,2689,2258,2440,2550,2826,2671,2605,2927,2893,2845,2957,2750,2556,2450
1308,"1141308","Matosinhos",4160,4197,4321,4171,4013,4086,3855,3535,3167,2813,2346,1982,1724,1658,1645,1342,1326,1325,1077,1127,1138,1221,1115,1086,1222,1206,1188,1234,1147,1067,1023
1312,"1141312","Porto",0,0,0,0,0,0,0,0,0,0,0,0,0,10,19,24,33,42,41,49,61,76,79,75,86,84,84,88,80,74,72
1313,"1141313","Póvoa de Varzim",4771,4779,4921,4742,4586,4661,4412,4045,3628,3235,2707,2306,2021,1954,1950,1604,1592,1602,1312,1381,1406,1519,1401,1366,1534,1516,1491,1550,1441,1340,1283
1315,"1141315","Valongo",4536,4567,4689,4576,4473,4625,4463,4192,3869,3575,3133,2847,2727,2818,2987,2615,2752,2930,2538,2820,3034,3454,3352,3267,3672,3626,3570,3710,3450,3205,3074
1316,"1141316","Vila do Conde",9162,9196,9474,9091,8728,8821,8271,7494,6628,5796,4722,3867,3170,3123,3160,2650,2676,2740,2286,2452,2546,2803,2632,2568,2883,2850,2805,2915,2711,2521,2416
1317,"1141317","Vila Nova de Gaia",9672,9719,10003,9877,9788,10277,10093,9661,9128,8667,7852,7421,7496,7144,7010,5671,5531,5468,4397,4537,4525,4780,4300,4192,4709,4652,4581,4759,4423,4113,3944
1301,"1151301","Amarante",31328,31562,32044,31956,32110,34064,34147,33452,32262,31531,29432,28961,30343,28935,28312,22942,22355,22084,17750,18304,18235,19242,17292,16857,18932,18709,18415,19132,17790,16538,15855
1302,"1151302","Baião",18830,18966,19100,18792,18661,19432,19180,18479,17433,16731,15225,14737,14752,13941,13314,10759,10267,9994,7905,7971,7757,7978,6970,6797,7610,7500,7413,7670,7131,6630,6351
304,"1150304","Cabeceiras de Basto",23466,23666,23988,23413,22952,23688,22997,21769,20180,18866,16709,15503,15028,14197,13690,11006,10565,10304,8173,8278,8093,8364,7354,7172,8027,7904,7822,8086,7521,6993,6693
106,"1150106","Castelo de Paiva",8950,8826,9042,8899,8938,9333,9264,8850,8377,8033,7326,7025,7102,6880,6790,5622,5558,5585,4580,4816,4881,5258,4854,4731,5311,5237,5179,5370,4993,4641,4448
305,"1150305","Celorico de Basto",21963,22149,22505,22351,22337,23573,23470,22833,21843,21172,19565,19079,19667,18873,18532,15154,14850,14781,11975,12441,12504,13317,12087,11784,13232,13075,12870,13368,12430,11556,11078
1804,"1151804","Cinfães",24160,24319,24604,23994,23564,24282,23607,22352,20713,19404,17199,16028,15506,14781,14339,11666,11301,11145,8942,9178,9106,9564,8557,8344,9355,9233,9106,9443,8780,8164,7822
1303,"1151303","Felgueiras",19016,19172,19558,19943,20455,22282,22889,23003,22839,22967,22143,22483,24515,23033,22231,17685,16942,16410,12912,13008,12628,12946,11263,10980,12334,12189,11997,12465,11590,10776,10332
1305,"1151305","Lousada",13676,13789,14039,14090,14221,15207,15330,15120,14702,14475,13633,13526,14345,13713,13466,10938,10697,10603,8556,8856,8858,9390,8486,8272,9290,9179,9040,9389,8732,8118,7782
1307,"1151307","Marco de Canaveses",25952,26054,26212,25748,25605,26605,26287,25292,23834,22872,20792,20108,20098,19056,18265,14813,14205,13886,11042,11202,10957,11345,10017,9766,10943,10782,10671,11045,10273,9545,9144
1705,"1151705","Mondim de Basto",16218,16365,16735,16394,16080,16686,16199,15343,14262,13328,11820,10966,10642,10070,9725,7829,7533,7360,5844,5935,5822,6035,5321,5188,5824,5753,5666,5883,5471,5086,4875
1309,"1151309","Paços de Ferreira",8561,8639,8814,8750,8728,9215,9151,8869,8471,8173,7528,7284,7491,7074,6840,5483,5277,5140,4074,4136,4047,4188,3686,3593,4036,3989,3925,4080,3794,3526,3380
1310,"1151310","Paredes",20831,20961,21405,20951,20611,21370,20805,19699,18329,17182,15281,14218,13856,13375,13185,10853,10698,10713,8741,9149,9253,9932,9097,8869,9960,9839,9689,10064,9360,8700,8340
1311,"1151311","Penafiel",28458,28664,29041,28584,28357,29573,29144,28026,26432,25268,22946,22026,22090,21521,21369,17795,17684,17889,14743,15577,15932,17288,16009,15606,17520,17302,17050,17697,16456,15298,14662
1813,"1151813","Resende",10289,10107,10450,9451,9757,9184,9055,8358,7270,6627,5571,5037,4210,4197,4042,3603,3540,3646,3073,3314,3470,3814,3571,3487,3882,3862,3816,3926,3651,3394,3244
1709,"1151709","Ribeira de Pena",14678,14800,14967,15012,15174,16199,16371,16189,15751,15563,14689,14655,15551,14431,13692,10746,10092,9582,7369,7219,6784,6693,5560,5422,6078,5995,5917,6133,5703,5302,5080
104,"1160104","Arouca",22242,22378,22888,22479,22184,23093,22577,21453,20059,18915,16929,15910,15608,14775,14203,11469,11016,10755,8543,8674,8489,8795,7755,7561,8481,8368,8259,8563,7962,7402,7093
113,"1160113","Oliveira de Azeméis",11978,12058,12402,12199,12023,12558,12256,11653,10918,10269,9196,8580,8498,7985,7700,6130,5868,5685,4471,4505,4370,4478,3895,3798,4265,4216,4151,4311,4010,3727,3574
109,"1160109","Santa Maria da Feira",15492,15405,15874,15686,15673,16471,16289,15606,14809,14161,12921,12320,12542,11929,11639,9400,9141,8997,7211,7417,7343,7714,6919,6743,7572,7475,7378,7659,7121,6617,6344
116,"1160116","São João da Madeira",323,326,334,310,289,281,253,215,174,135,87,47,0,0,0,0,0,0,0,0,0,0,0,0,0,0,0,0,0,0,0
119,"1160119","Vale de Cambra",15683,15775,16135,15894,15729,16440,16136,15428,14516,13773,12432,11782,11751,11004,10507,8350,7926,7625,5954,5936,5695,5759,4933,4809,5402,5335,5254,5458,5075,4717,4522
1701,"1171701","Alijó",1957,1428,2056,1652,1421,1319,1114,1298,818,955,790,666,884,794,745,781,744,751,576,593,544,523,356,321,333,322,374,386,363,371,356
1801,"1171801","Armamar",973,687,1042,766,753,626,540,548,322,392,300,222,276,240,213,220,192,181,126,118,94,75,38,37,38,37,44,46,42,42,41
403,"1170403","Carrazeda de Ansiães",4151,2832,4575,2926,3972,2966,3397,3117,1867,3054,2474,2039,3209,2585,1731,2299,1840,1834,1316,1341,1212,1138,837,733,765,701,921,810,695,694,658
404,"1170404","Freixo de Espada à Cinta",3481,2167,3383,1878,3207,1952,2478,1975,1172,1999,1551,1266,1827,1438,876,1296,998,1006,676,711,679,634,476,426,426,386,593,444,349,342,341
1805,"1171805","Lamego",3450,2416,3668,2799,2551,2230,1871,1946,1118,1405,1070,776,1007,853,696,784,686,676,505,507,450,419,285,260,275,266,304,323,294,302,280
1704,"1171704","Mesão Frio",50,51,52,52,53,52,45,42,40,37,31,27,30,26,22,17,16,13,7,6,5,2,0,0,0,0,0,0,0,0,0
1807,"1171807","Moimenta da Beira",10152,6736,10721,8320,7153,6630,5537,5881,3384,4406,3490,2684,3845,3292,2760,3066,2698,2654,1978,1996,1789,1681,1176,1061,1120,1064,1238,1258,1137,1162,1084
1812,"1171812","Penedono",6674,4168,7081,5225,4644,4231,3845,3789,1995,2990,2235,1612,2557,2058,1370,1794,1460,1470,1107,1148,1071,1039,762,670,708,646,776,727,645,649,626
1708,"1171708","Peso da Régua",94,86,100,96,96,88,65,92,74,78,78,76,115,104,104,101,93,87,63,60,48,42,24,22,23,22,26,29,25,27,24
1710,"1171710","Sabrosa",788,636,829,731,690,642,489,644,470,526,507,468,689,645,659,679,659,667,519,549,518,520,389,361,379,373,429,456,415,428,393
1711,"1171711","Santa Marta de Penaguião",125,119,131,131,139,132,95,151,129,134,146,150,224,204,210,192,174,156,104,91,65,42,12,11,12,12,13,13,12,13,13
1815,"1171815","São João da Pesqueira",2557,1701,2676,1742,2130,1568,1611,1468,843,1221,934,708,1041,868,651,809,690,703,529,555,522,513,392,351,368,343,436,403,353,359,338
1818,"1171818","Sernancelhe",7946,5190,8434,6436,5734,5291,4662,4863,2752,3886,3079,2378,3706,3098,2354,2835,2431,2448,1870,1939,1790,1758,1319,1172,1241,1162,1369,1368,1232,1255,1180
1819,"1171819","Tabuaço",2547,1576,2679,1937,1723,1520,1356,1294,670,946,678,466,612,522,404,510,454,477,380,417,412,434,352,316,336,317,365,371,336,344,320
1820,"1171820","Tarouca",2490,1755,2631,2069,1853,1670,1364,1489,899,1102,892,697,956,839,750,813,741,736,559,574,526,509,365,334,353,339,390,407,368,379,353
409,"1170409","Torre de Moncorvo",5040,3194,5210,3359,4548,3343,3703,3244,1871,3062,2402,1930,3228,2575,1687,2320,1863,1864,1324,1384,1301,1242,937,823,852,776,1044,887,750,745,720
410,"1170410","Vila Flor",4817,3195,5160,2937,4321,2796,3304,2660,1467,2339,1678,1218,1598,1272,789,1146,900,918,642,677,648,618,465,417,417,382,582,443,352,344,342
914,"1170914","Vila Nova de Foz Côa",2035,1297,2093,1317,1943,1350,1477,1197,684,1090,817,636,913,724,468,661,524,516,343,350,324,288,201,181,180,165,256,194,155,151,148
1714,"1171714","Vila Real",6170,5384,6487,5894,5693,5180,3797,5213,3910,4130,4024,3732,5367,4972,5089,5068,4835,4757,3582,3651,3306,3153,2199,2049,2148,2117,2446,2598,2364,2442,2248
401,"1180401","Alfândega da Fé",6014,3982,6481,3633,5334,3398,3956,3076,1631,2526,1699,1131,1402,1067,623,882,653,620,394,376,311,236,114,103,104,94,139,107,86,85,88
1702,"1181702","Boticas",11240,7753,11844,9943,9068,8967,7701,9273,6130,8298,7606,6812,11255,10116,9047,10417,9761,10211,8221,8999,8825,9349,7571,6812,7227,6887,7842,8167,7435,7622,7072
402,"1180402","Bragança",83409,51080,90176,60857,64702,53744,57027,51850,27114,46576,35009,26228,43979,34223,19605,29072,22243,22649,16553,17291,16183,15637,11905,10346,10746,9654,12965,10877,9180,9072,8805
1703,"1181703","Chaves",49184,30605,52030,41028,36389,36107,33405,36267,20999,32854,27653,22841,40412,34194,25247,32686,28480,30036,24197,26553,26180,27921,23255,20420,21767,20150,23201,23241,21010,21346,20065
405,"1180405","Macedo de Cavaleiros",30028,19480,32693,19830,25910,18487,21058,17892,9552,15711,11436,8315,13073,10335,6217,9124,7196,7410,5443,5839,5744,5701,4468,3932,4052,3668,4974,4214,3586,3548,3538
406,"1180406","Miranda do Douro",24679,18620,28892,14135,29816,17250,25209,20179,12615,22361,17728,14826,20092,16276,9967,15546,12294,12980,9085,10082,10281,10374,8370,7527,7463,6780,10633,7764,6061,5860,5945
407,"1180407","Mirandela",22014,14273,23660,14339,19211,13565,15630,13367,7364,12166,9109,6897,10606,8469,5231,7580,5995,6184,4545,4870,4737,4751,3830,3338,3466,3118,4174,3533,2999,2973,2907
408,"1180408","Mogadouro",40317,29836,46488,23062,46623,27129,38650,30818,18985,33174,25988,21406,28592,22525,13372,20054,15170,15306,10187,10525,9796,9006,6614,5935,5882,5345,8534,6187,4811,4664,4686
1706,"1181706","Montalegre",25208,16456,26588,21736,19556,19405,17405,19964,12617,18254,16241,14256,23600,20668,17232,20540,18605,19366,15430,16766,16320,17200,13974,12439,13248,12477,14131,14613,13305,13601,12669
1707,"1181707","Murça",3080,1958,3250,2418,2234,2000,1793,1796,1004,1421,1107,851,1314,1096,849,1006,861,853,637,652,593,567,407,364,384,361,424,426,382,390,364
1712,"1181712","Valpaços",36217,21915,38424,28558,24995,23560,21740,21686,11429,17874,13743,10299,17482,14226,9571,12657,10431,10697,8329,8820,8360,8526,6809,5895,6310,5744,6609,6498,5860,5923,5601
1713,"1181713","Vila Pouca de Aguiar",10136,7202,10682,8959,8195,7924,6596,8013,5389,6899,6354,5710,9072,8131,7482,8154,7584,7692,5983,6318,5952,6009,4576,4157,4392,4224,4839,5054,4594,4721,4374
411,"1180411","Vimioso",18678,13327,21329,11431,19830,12420,16542,13698,7913,13436,10228,8045,11979,9584,5786,8769,6876,7141,5046,5464,5434,5359,4338,3845,3858,3480,5368,3980,3139,3057,3026
412,"1180412","Vinhais",29485,17868,31633,22280,22619,19926,20520,19748,10594,17914,14032,10909,19700,15795,10026,13977,11314,11675,8954,9607,9335,9518,7576,6601,6984,6341,7590,7137,6330,6353,6112
101,"1610101","Águeda",21048,20638,21633,20926,20728,22611,23871,23882,24297,24325,24674,24362,26831,26872,22254,18697,17721,17522,15012,17857,18478,17890,18810,17532,21642,19525,20463,20103,20366,21813,23853
102,"1610102","Albergaria-a-Velha",15117,14850,15560,14903,14591,15494,16025,15672,15506,15068,14839,14159,15162,15902,13780,12138,12043,12613,11426,14681,16414,17243,19742,18076,22772,20419,21489,21374,21555,23202,25508
103,"1610103","Anadia",13881,13620,14340,13842,13758,14860,15544,15471,15441,15279,15401,15024,16506,16483,13562,11292,10560,10382,8770,10477,10780,10357,10677,9794,12270,10962,11575,11476,11561,12458,13681
105,"1610105","Aveiro",15049,14870,15549,15071,14922,16070,16676,16542,16462,16183,16191,15704,16981,17748,15350,13428,13298,13871,12554,16023,17849,18676,21337,19537,24645,22108,23243,23132,23344,25108,27631
108,"1610108","Estarreja",20545,20566,21271,20644,20091,20788,20899,19835,19402,18153,17006,15385,15096,15406,13062,11239,10980,11154,9912,12146,13110,13296,14785,13709,17098,15465,16172,15973,16183,17347,19011
110,"1610110","Ílhavo",6534,5938,6629,5720,5490,5688,6117,5892,5764,5671,5626,5386,5994,6375,5581,5001,5011,5321,4845,6335,7145,7602,8839,8095,10182,9110,9631,9576,9645,10477,11483
111,"1610111","Mealhada",8911,8491,9105,8427,8054,8604,8985,8740,8549,8339,8243,7870,8747,8799,7282,6142,5795,5768,4900,5992,6267,6150,6461,5930,7432,6631,7014,6947,6999,7549,8288
112,"1610112","Murtosa",4500,4545,4683,4643,4601,4964,5059,5008,4937,4792,4753,4556,4813,5072,4435,3900,3905,4108,3766,4828,5446,5752,6669,6094,7716,6944,7286,7271,7336,7889,8686
114,"1610114","Oliveira do Bairro",10722,10808,11127,11013,10932,11675,12014,11792,11960,11692,11476,11020,11497,11689,9891,8530,8352,8443,7478,9004,9544,9517,10446,9937,11996,10919,11372,11016,11227,11948,12975
115,"1610115","Ovar",11826,11934,12302,11790,11249,11651,11347,10668,9885,8921,8098,6961,6406,6620,5679,4890,4800,4943,4435,5570,6137,6336,7184,6564,8307,7480,7846,7828,7900,8492,9347
117,"1610117","Sever do Vouga",5378,5405,5546,5443,5490,6063,6411,6545,6674,6744,6951,6971,7742,7860,6609,5576,5353,5386,4711,5762,6172,6182,6773,6192,7840,7055,7402,7384,7452,8014,8822
118,"1610118","Vagos",14848,14844,15412,15117,14957,16128,16565,16384,16187,15799,15714,15120,16205,16572,14006,12018,11594,11786,10352,12869,13883,14073,15479,14194,17786,15904,16779,16651,16776,18064,19838
602,"1620602","Cantanhede",32187,31756,33404,31877,31630,33336,34436,33622,32944,31937,31377,29695,31927,31715,25859,21560,19939,19462,16272,19236,19552,18520,18942,17365,21729,19444,20493,20347,20501,22054,24232
603,"1620603","Coimbra",30004,29268,30654,31589,33335,35971,40157,40606,45169,46695,48208,49058,54803,56128,47869,41528,41014,41858,37529,45966,49766,50713,56844,53172,65731,59688,62242,61121,62087,66380,72558
604,"1620604","Condeixa-a-Nova",13393,12954,13964,12640,12669,12672,13102,12397,11795,11140,10536,9473,9905,10030,8244,7223,6744,6789,5807,7123,7446,7342,7940,7431,8882,7896,8358,8132,8193,8754,9533
605,"1620605","Figueira da Foz",46850,45496,47268,48539,50116,49875,55963,52257,63441,64063,61305,59693,60309,60545,51672,46478,48251,48381,44200,49521,50236,48640,52003,55615,60152,57585,58024,51462,54564,56266,58512
608,"1620608","Mira",9489,9568,9879,9645,9412,10027,10097,9840,9540,9098,8834,8267,8519,8414,6860,5593,5169,4977,4146,4785,4785,4416,4392,4016,5076,4566,4791,4778,4821,5188,5712
610,"1620610","Montemor-o-Velho",66820,64053,67327,67208,68122,69395,76580,73151,82705,82739,80952,79155,83640,86090,74271,65829,66722,68566,62506,75798,81851,83626,94082,90703,108712,99774,103340,99303,101728,107982,116858
613,"1620613","Penacova",10380,9691,10828,9046,9361,8864,9547,8917,8457,8087,7640,6826,7372,7305,5820,5033,4541,4449,3629,4385,4425,4189,4204,3870,4798,4254,4523,4460,4483,4836,5292
615,"1620615","Soure",33198,31682,33952,32710,33512,34827,38441,37506,41041,41648,41627,41096,44672,45828,39160,34810,35027,35826,32466,38812,41123,41226,45475,45010,52434,48570,50000,47102,48622,51239,54938
1004,"1631004","Batalha",3551,3476,3666,3472,3374,3587,3674,3581,3493,3369,3302,3127,3273,3302,2758,2319,2209,2206,1911,2320,2440,2415,2580,2374,2973,2650,2792,2766,2794,3005,3308
1009,"1631009","Leiria",31597,31351,32827,32488,33076,36010,38196,38514,39574,39859,40763,40507,44540,44411,36561,30554,28636,28120,23882,28262,29058,27906,29128,26826,33350,29878,31453,31130,31396,33706,36975
1010,"1631010","Marinha Grande",1547,1550,1605,1592,1584,1727,1782,1780,1778,1752,1763,1719,1856,1846,1521,1251,1173,1146,969,1144,1171,1116,1146,1051,1323,1189,1249,1245,1258,1349,1485
1015,"1631015","Pombal",41932,40077,43246,40236,40946,41936,45177,43801,44796,44386,43947,42099,45802,45454,36853,31537,29222,28621,24056,28276,28564,27074,27763,26140,31512,28274,29758,28919,29274,31294,34055
1016,"1631016","Porto de Mós",5572,5011,5808,4591,4684,4255,4587,4125,3804,3534,3215,2704,2597,2568,2025,1799,1596,1567,1288,1548,1545,1464,1448,1356,1609,1390,1501,1448,1453,1563,1709
1002,"1641002","Alvaiázere",5713,5490,5984,5230,5163,4980,5048,4605,4207,3794,3376,2791,2576,2499,1960,1615,1426,1332,1054,1167,1080,907,785,719,901,810,850,846,855,918,1011
1003,"1641003","Ansião",9230,8486,9737,7975,8553,7807,8646,7975,7589,7349,6971,6054,6536,6392,4822,4461,3787,3684,2930,3494,3413,3150,3069,2850,3430,2999,3212,3134,3142,3379,3692
601,"1640601","Arganil",9763,9734,10194,9366,9207,9331,9462,8987,8512,7987,7494,6727,6759,6752,5510,4686,4338,4284,3606,4338,4481,4329,4517,4146,5182,4629,4883,4843,4877,5248,5762
1007,"1641007","Castanheira de Pêra",121,121,126,123,121,128,131,127,123,118,115,109,111,113,94,81,79,79,70,84,92,92,101,93,118,105,109,112,112,121,129
1008,"1641008","Figueiró dos Vinhos",3980,4010,4133,3814,3606,3659,3566,3306,3014,2686,2377,1983,1766,1736,1409,1150,1054,1010,830,956,945,860,835,762,964,863,909,904,913,982,1078
606,"1640606","Góis",2075,2096,2159,2050,1975,2038,2007,1900,1776,1624,1495,1311,1241,1226,1000,818,755,729,604,703,701,651,637,583,733,659,691,688,691,745,820
607,"1640607","Lousã",3830,3805,3992,3685,3614,3656,3656,3449,3232,2974,2748,2410,2313,2295,1871,1560,1437,1402,1170,1376,1392,1312,1319,1214,1499,1333,1414,1396,1403,1510,1654
609,"1640609","Miranda do Corvo",5133,5126,5342,5001,4763,4854,4732,4396,4026,3595,3204,2687,2391,2355,1912,1553,1430,1367,1129,1293,1275,1163,1126,1029,1298,1161,1226,1217,1228,1321,1453
611,"1640611","Oliveira do Hospital",15104,15498,15608,14484,14009,14575,14680,14239,13624,12927,12287,11405,11657,11425,9233,7474,6805,6473,5235,5956,5785,5140,4846,4429,5608,5046,5294,5280,5328,5731,6306
612,"1640612","Pampilhosa da Serra",2685,2712,2792,2647,2498,2556,2456,2274,2059,1808,1579,1287,1089,1062,854,685,618,581,470,523,498,429,384,350,446,400,420,419,424,454,501
1013,"1641013","Pedrógão Grande",6431,6398,6665,6023,5730,5710,5591,5133,4636,4094,3562,2893,2509,2463,1980,1628,1475,1409,1146,1314,1283,1158,1107,1013,1273,1140,1200,1192,1201,1290,1420
614,"1640614","Penela",6871,6270,7149,5688,5781,5218,5566,4968,4497,4104,3623,2906,2815,2739,2086,1852,1586,1521,1187,1390,1330,1186,1084,1001,1229,1083,1157,1137,1139,1232,1346
616,"1640616","Tábua",19989,19657,20722,18326,17673,17476,17544,16232,14901,13520,12122,10269,9787,9657,7781,6485,5913,5714,4669,5489,5461,5051,4956,4551,5691,5080,5370,5321,5360,5773,6335
617,"1640617","Vila Nova de Poiares",3153,3062,3263,2981,2928,2989,3108,2962,2830,2707,2584,2357,2637,2572,2018,1697,1500,1424,1109,1283,1218,1059,970,894,1099,977,1038,1023,1030,1110,1210
901,"1650901","Aguiar da Beira",17539,20103,17863,15412,15359,15464,15739,16095,15580,15360,14444,14292,15089,15232,12795,10795,10169,10230,8198,10462,11025,10688,11145,10304,12841,11377,12193,12038,12061,12998,14015
1802,"1651802","Carregal do Sal",11816,12081,12252,11540,11058,11455,11297,10760,10094,9300,8599,7646,7350,7191,5808,4680,4259,4035,3277,3692,3565,3148,2920,2670,3376,3039,3190,3180,3211,3453,3799
1803,"1651803","Castro Daire",22237,23833,22914,21271,21032,21904,22197,22141,21499,20863,20009,19274,20192,20326,16975,14223,13428,13394,11184,13772,14475,14123,14981,13733,17319,15520,16382,16294,16412,17660,19326
1806,"1651806","Mangualde",33876,34758,35101,32694,30977,31528,30518,28497,25977,23136,20346,17043,15134,15144,12536,10437,9804,9672,8134,9797,10153,9796,10248,9381,11854,10646,11198,11156,11250,12106,13295
1808,"1651808","Mortágua",7190,6421,7425,6034,6263,6067,6879,6587,6492,6526,6514,6231,7351,7407,6044,5271,4899,4910,4137,5139,5385,5324,5684,5227,6484,5766,6110,6035,6070,6543,7166
1809,"1651809","Nelas",12468,12600,12869,11766,10975,11109,10722,9889,8913,7825,6766,5500,4613,4572,3743,3069,2846,2760,2293,2687,2711,2535,2533,2319,2930,2628,2766,2753,2777,2992,3282
1810,"1651810","Oliveira de Frades",18962,19234,19716,19089,18535,19525,19436,18762,17929,16823,15993,14642,14631,14953,12669,10768,10424,10585,9349,11557,12523,12699,14122,12904,16340,14713,15432,15400,15544,16710,18395
1811,"1651811","Penalva do Castelo",19051,19637,19810,18559,17915,18445,18258,17480,16447,15273,14102,12720,12393,12462,10388,8689,8206,8161,6889,8402,8812,8608,9118,8350,10534,9444,9949,9899,9980,10743,11793
1814,"1651814","Santa Comba Dão",8956,8893,9212,8373,7912,8172,8230,7814,7359,6874,6423,5797,5922,5842,4739,3884,3570,3437,2807,3282,3256,2985,2895,2656,3340,2986,3155,3128,3152,3398,3732
1816,"1651816","São Pedro do Sul",21939,22529,22757,22107,21878,23395,23886,23662,23274,22624,22279,21395,22684,23190,19664,16733,16186,16461,14464,17968,19477,19756,21935,20058,25370,22817,23967,23894,24109,25931,28516
1817,"1651817","Sátão",26121,28092,26886,24019,23518,23683,23671,23101,21795,20576,18896,17470,17429,17656,14819,12605,11926,12040,9957,12579,13358,13154,14054,12953,16140,14353,15280,15114,15176,16332,17739
1821,"1651821","Tondela",24244,24702,25091,23952,23696,25200,25848,25603,25176,24533,24199,23253,24664,24551,20188,16669,15555,15207,12809,15130,15506,14753,15218,13912,17598,15834,16624,16577,16725,17986,19784
1822,"1651822","Vila Nova de Paiva",8577,9800,8766,7676,7845,8008,8361,8760,8706,8875,8561,8838,9742,9774,8161,6871,6389,6390,4953,6352,6599,6267,6360,5901,7316,6450,6958,6846,6845,7380,7900
1823,"1651823","Viseu",48351,50211,50019,46590,44957,46322,45864,44077,41492,38563,35698,32193,31482,31756,26509,22296,21130,21111,17988,22003,23204,22850,24429,22390,28142,25202,26567,26404,26606,28630,31426
1824,"1651824","Vouzela",17789,18255,18470,17702,17266,18109,18086,17560,16819,15879,15099,13958,14072,14382,12191,10372,10026,10189,8936,11096,12021,12174,13519,12360,15642,14075,14777,14739,14869,15989,17586
1413,"1661413","Mação",2801,2448,2774,2357,2361,2333,2541,2088,2072,1983,1679,1813,1582,1569,1211,1226,996,948,366,444,462,391,222,211,289,231,282,309,273,228,219
506,"1660506","Oleiros",1745,1737,1811,1731,1675,1981,2382,2148,2359,2380,2219,2711,2428,2510,2054,2113,1808,1832,755,978,1168,1178,875,825,1143,923,1117,1235,1099,914,871
508,"1660508","Proença-a-Nova",5806,4733,5651,4719,4877,4551,4879,3997,3915,3870,3340,3656,3437,3423,2585,2683,2229,2167,877,1121,1232,1147,782,750,1001,795,976,1063,937,792,750
509,"1660509","Sertã",7891,7488,8129,7148,6860,7198,8142,6815,6889,6516,5567,6157,5066,5236,4270,4422,3787,3847,1596,2082,2502,2543,1913,1805,2497,2018,2444,2701,2400,1998,1903
510,"1660510","Vila de Rei",1012,868,1021,838,883,818,927,768,755,739,629,675,601,607,474,488,407,395,160,207,233,232,165,161,212,163,202,218,193,163,153
905,"1670905","Fornos de Algodres",3879,3414,3871,3965,3901,4450,5613,5344,5961,6503,6354,7992,8121,8603,6946,7619,6865,7302,3272,4674,5936,6484,5568,5318,7111,5637,6989,7628,6703,5671,5381
906,"1670906","Gouveia",3136,2774,3141,3107,2933,3097,3675,3313,3365,3616,3365,3876,4615,4596,3132,3488,3022,2999,1359,2007,2260,2208,1994,1984,2346,1716,2347,2427,2038,1840,1716
912,"1670912","Seia",9015,8521,9132,8484,7920,8791,10140,8842,9279,9142,8224,9633,8499,8613,6827,6918,5766,5648,2259,2812,3138,2890,1939,1842,2503,1998,2451,2691,2378,1996,1895
902,"1680902","Almeida",13713,9275,13224,9985,10707,6736,7484,5686,4137,4436,3204,2349,3255,3033,1573,1922,1596,1454,679,1121,1112,1072,1019,1065,1105,713,1108,1072,838,851,777
903,"1680903","Celorico da Beira",10674,8179,10267,9791,8744,7722,8649,7496,6719,7424,6606,6906,9563,9031,5366,6010,5017,4664,2042,2872,2872,2474,1838,1830,2182,1599,2165,2249,1894,1706,1592
904,"1680904","Figueira de Castelo Rodrigo",21381,13177,19222,12721,17698,12120,11104,7771,6168,6905,5269,3796,7352,6525,3824,4783,3734,3231,1245,2075,1907,1845,1480,1567,1602,993,1569,1490,1152,1207,1094
907,"1680907","Guarda",37439,27166,35420,32818,27690,22070,23498,19387,15663,16862,13945,13210,17352,16565,9616,11064,9442,8957,4137,6199,6479,6055,5266,5298,6106,4308,6041,6155,5115,4688,4339
908,"1680908","Manteigas",640,548,637,619,557,560,655,582,574,610,556,630,716,688,448,468,382,347,142,187,173,125,77,80,82,54,84,81,64,62,57
909,"1680909","Mêda",9812,6926,9550,8496,8218,6188,7138,6037,5171,5951,5210,5275,7462,7089,4302,4891,4071,3822,1689,2481,2557,2393,1948,1958,2287,1626,2240,2290,1920,1743,1613
910,"1680910","Pinhel",14146,9567,13341,11796,11320,8338,9491,8073,6826,8003,7009,7051,9940,9624,5870,6816,5814,5597,2560,3970,4309,4444,3997,4038,4667,3245,4538,4610,3833,3532,3259
911,"1680911","Sabugal",18655,13243,17664,16169,14628,11489,12878,10982,9282,10555,9186,9214,12998,12483,7260,8379,7139,6775,3172,4853,5107,4908,4414,4468,5067,3494,4979,5018,4144,3826,3520
913,"1680913","Trancoso",11663,8180,11068,10553,9155,7324,8290,7228,6339,7273,6553,7054,9094,8936,5900,6683,5800,5761,2596,3814,4336,4384,3758,3685,4587,3454,4527,4789,4102,3603,3381
502,"1690502","Castelo Branco",20987,15694,18922,15960,16593,16054,16661,13951,14307,15435,13586,14937,15262,15098,11564,11748,9596,9003,3515,4688,4885,4674,3405,3418,4060,2762,3683,3786,3250,2938,2657
505,"1690505","Idanha-a-Nova",28353,17010,23729,18887,25538,26864,28006,24862,29864,38532,35855,41051,47975,47756,36690,37341,30670,28531,11448,16775,17835,17640,15767,16080,17728,11508,16108,16122,13621,12872,11380
507,"1690507","Penamacor",13748,9944,12112,10261,11325,11069,11598,10070,10456,11287,10456,12027,13462,13247,9924,10613,8823,8478,3401,4680,5057,4854,3759,3739,4506,3275,4408,4586,3878,3502,3262
511,"1690511","Vila Velha de Ródão",818,656,758,635,695,711,789,688,733,756,697,823,779,796,638,670,570,566,228,312,360,365,296,294,362,272,358,378,321,291,274
501,"16A0501","Belmonte",6855,5176,6521,6232,5821,5268,6038,5382,5039,5700,5252,5771,7886,7720,4818,5535,4827,4736,2215,3385,3740,3618,3364,3374,3902,2811,3920,4016,3341,3052,2838
503,"16A0503","Covilhã",10886,8880,10512,10086,10245,10438,12228,11084,11404,12675,11903,13692,16800,16483,11328,12404,10501,10136,4355,6287,6838,6575,5601,5589,6589,4739,6479,6700,5635,5126,4753
504,"16A0504","Fundão",41683,29089,35389,28259,31490,30146,29696,25073,25663,26719,24372,28089,28782,28856,22171,23492,19817,19482,7974,10835,12225,11980,9424,9217,11589,8779,11348,12076,10410,9140,8574
1001,"16B1001","Alcobaça",27555,25818,28912,23121,23607,18347,17240,17594,16519,13948,15254,14720,11462,11053,11393,11950,11385,11001,8011,8788,9618,12622,11422,10395,12229,13251,14673,14347,13467,11262,11446
1101,"16B1101","Alenquer",20731,15943,22246,16087,25747,19677,24543,25147,28313,23584,31673,35416,38532,34998,29760,33471,25545,23423,16475,18272,17093,20072,13937,6719,7703,8700,10801,11240,10362,9814,9269
1102,"16B1102","Arruda dos Vinhos",13322,9579,14232,8954,14919,9955,12461,10380,10444,6304,7014,6080,8233,7042,3715,6145,3651,3980,3486,4583,4288,4388,2936,1377,1713,1883,2372,2275,2230,2027,1990
1005,"16B1005","Bombarral",3330,2911,3553,2503,3050,2132,2241,2064,1992,1458,1621,1412,1252,1195,1092,1192,1066,1025,738,817,867,1084,948,803,950,1027,1154,1124,1061,897,905
1104,"16B1104","Cadaval",6959,6042,7464,5186,6323,4383,4583,4187,4076,2794,3132,2772,2365,2146,1924,2045,1648,1515,974,929,837,1034,700,512,586,650,726,740,686,603,594
1006,"16B1006","Caldas da Rainha",26186,24509,27453,21716,21896,16776,15450,15448,14174,11561,12176,11170,7700,7338,7753,7763,7364,6890,4724,4792,5095,6828,6065,5763,6726,7293,7995,7877,7347,6132,6226
1108,"16B1108","Lourinhã",38838,36603,40600,33077,33497,26334,24632,24959,23023,19560,20623,19282,15094,14251,13218,14663,13008,12611,9732,11560,12372,15418,13154,10195,12077,13146,14922,14589,13778,11762,11836
1011,"16B1011","Nazaré",7119,7024,7448,6194,5607,4476,3784,3953,3490,2989,2966,2568,1439,1384,1547,1487,1490,1384,946,948,1034,1365,1261,1265,1484,1602,1753,1718,1604,1322,1351
1012,"16B1012","Óbidos",20572,19721,21570,17586,17077,13467,12084,12483,11400,9877,10405,9990,6816,6246,6430,6027,5500,4835,3132,2981,2840,3438,2571,2238,2595,2825,3113,3110,2893,2453,2465
1014,"16B1014","Peniche",20713,18795,21431,17710,18845,14997,14394,14479,13168,11974,12639,12879,10047,9252,8866,8983,8218,7561,5492,5980,6088,7501,6228,5277,6186,6726,7501,7394,6928,5864,5911
1112,"16B1112","Sobral de Monte Agraço",12522,9903,13401,9255,13768,9811,11824,11032,11911,8284,10590,10142,12192,11048,8273,10573,7547,7353,5751,7166,7218,7604,5392,2857,3573,3907,4837,4550,4470,3962,3946
1113,"16B1113","Torres Vedras",52434,45571,54930,41479,49697,37107,39121,37331,36056,28055,30974,30133,28613,26528,21787,26951,21769,22045,18398,23791,25149,30438,24753,15725,18828,20622,24202,23652,22565,19788,19671
1401,"16C1401","Abrantes",81172,82328,83171,74235,68722,58698,52397,60734,58826,58150,67510,72378,59548,55258,56742,54316,50095,44707,29295,28194,28182,33824,27362,26175,30708,33254,36549,35772,33484,27833,28361
1402,"16C1402","Alcanena",5594,5083,5790,4790,5216,4257,4353,4742,4863,4432,5470,5981,5534,5045,4708,4851,3943,3509,2306,2323,2132,2649,1746,1022,1166,1301,1501,1559,1451,1316,1275
1408,"16C1408","Constância",11896,11789,12424,10458,9428,7642,6482,6925,6201,5542,5715,5337,3317,3812,5070,5552,6446,6766,5222,5869,7157,10479,10733,10891,12767,13802,15062,14719,13755,11342,11606
1410,"16C1410","Entroncamento",254,244,258,326,392,435,477,686,783,950,1306,1705,1538,1638,2046,2126,2353,2378,1776,1937,2302,3299,3310,3343,3916,4238,4627,4522,4227,3489,3570
1411,"16C1411","Ferreira do Zêzere",13026,13056,13540,11590,10189,8368,6975,7518,6656,6004,6084,5567,3383,3101,3260,2968,2765,2385,1499,1355,1292,1446,1074,1085,1272,1377,1501,1465,1372,1131,1156
1421,"16C1421","Ourém",69759,69913,72440,62787,55037,45912,38451,42421,38149,35783,37614,36637,24107,22747,25079,23331,22908,20656,13735,13327,13964,17618,15427,15530,18197,19684,21492,21014,19644,16217,16582
1417,"16C1417","Sardoal",5518,5732,5621,4783,4221,3428,2885,3044,2662,2369,2349,2082,1223,1116,1161,1056,981,844,528,472,445,488,355,360,420,457,497,487,453,373,383
1418,"16C1418","Tomar",26195,25770,27091,23700,21885,18538,16644,18742,17971,17036,19533,20367,16610,16722,18330,19828,19616,19574,14418,15858,17977,25696,24302,22652,26459,28708,31549,31089,29028,24266,24632
1419,"16C1419","Torres Novas",51031,50102,52939,47658,45970,40230,37519,43984,44037,44402,53920,60912,52000,49427,52455,51833,49026,45414,31153,31856,33662,44335,38643,35591,41598,45143,49714,48978,45749,38304,38848
1420,"16C1420","Vila Nova da Barquinha",1658,1672,1724,1678,1630,1548,1463,1878,1966,2202,2812,3442,2936,2746,2991,2750,2614,2313,1503,1438,1438,1824,1479,1352,1574,1708,1880,1866,1734,1460,1476
1115,"1711115","Amadora",520,374,590,276,526,277,359,242,250,62,71,11,0,0,0,0,0,0,0,0,0,0,0,0,0,0,0,0,0,0,0
1105,"1711105","Cascais",1896,1414,1938,1346,1821,1250,1344,1084,912,596,513,406,242,207,175,170,152,142,119,143,139,118,83,51,63,68,87,76,80,65,71
1106,"1711106","Lisboa",0,0,0,0,0,0,0,0,0,0,0,0,0,1,1,3,1,2,2,4,4,9,8,2,2,2,3,4,4,3,3
1107,"1711107","Loures",9348,7884,9650,7391,8742,6488,6729,6234,5779,4281,4512,3958,3856,3690,3074,3984,3405,3607,2945,3669,4049,4996,4500,3617,4309,4678,5307,5129,4880,4138,4197
1109,"1711109","Mafra",32799,26006,34193,24519,32775,23530,26039,23695,22676,17132,19112,18998,18322,17341,15191,17860,15297,15504,13060,17206,18708,21678,17973,11401,13863,15134,17930,17192,16568,14424,14444
1116,"1711116","Odivelas",0,0,0,19,35,48,56,89,109,141,197,266,244,222,235,204,193,160,98,84,76,71,47,47,53,58,66,62,62,48,53
1110,"1711110","Oeiras",2532,1821,2841,1394,2631,1442,1953,1434,1513,505,621,235,688,580,186,467,195,289,181,157,85,65,0,0,0,0,0,0,0,0,0
1111,"1711111","Sintra",17818,13197,17569,14685,20083,15814,17552,15952,14162,12239,12204,12698,13184,12006,8708,12111,9497,10227,8543,10628,10893,15081,12804,9215,10663,11710,13220,13371,12449,10880,10757
1114,"1711114","Vila Franca de Xira",46633,40158,48872,39569,50787,40457,45076,47173,50866,42659,53998,56283,61035,61828,59912,74083,68521,72738,61404,69624,77859,99051,99692,94842,110850,116857,122454,117912,121509,103328,111083
1502,"1721502","Alcochete",1561,1530,1599,1500,1454,1359,1308,1552,1469,1695,1890,2399,1959,1942,2133,2247,2405,2484,2228,2526,2797,3234,3408,3401,3982,4146,4250,4038,4328,3680,4047
1503,"1721503","Almada",4767,4408,4951,4054,4152,3302,3116,3266,3082,2780,3140,3283,2579,2348,2377,2211,1956,1681,1046,947,846,956,620,460,528,581,655,670,617,546,535
1504,"1721504","Barreiro",826,836,860,734,619,506,402,426,355,305,278,209,71,82,101,119,123,129,100,118,137,213,209,186,217,235,260,262,243,203,209
1506,"1721506","Moita",4115,4099,4248,3891,3692,3279,3137,3675,3692,3603,4296,4700,4432,3960,3567,3652,3061,2747,1783,1668,1503,1604,1114,1131,1322,1428,1562,1524,1422,1173,1201
1507,"1721507","Montijo",59839,59652,61799,55617,50885,43207,37152,43718,41803,41978,47435,49544,39433,38098,40781,40361,39435,37031,26372,26993,29143,37693,35060,34262,40063,43070,46608,45495,43586,36390,37664
1508,"1721508","Palmela",63118,61526,64213,59827,59128,48481,39958,50950,50939,52455,59357,63809,53366,50281,52767,50828,48861,45314,33005,33266,34800,40873,37055,36416,42809,45677,49058,47327,46488,38830,40822
1510,"1721510","Seixal",93,94,97,89,81,74,67,83,84,89,110,126,108,95,98,88,78,62,35,27,22,13,0,0,0,0,0,0,0,0,0
1511,"1721511","Sesimbra",9722,8914,10230,7824,8241,6094,5769,5466,4994,3634,3651,2888,1971,1751,1460,1598,1210,1070,689,665,569,567,293,200,239,260,300,300,285,246,250
1512,"1721512","Setúbal",3236,2869,3110,2919,2949,2331,1914,1993,1558,1487,1185,1028,531,480,436,473,468,495,442,492,505,527,544,556,648,666,668,627,701,602,676
1501,"1811501","Alcácer do Sal",91431,87686,101868,94100,114316,68322,51084,100706,64291,126130,119586,124820,135013,119939,116777,125174,112386,128131,67393,107037,105464,102574,95772,94283,97807,99688,100563,99414,96881,92117,86021
1505,"1811505","Grândola",27656,25346,29596,25101,29743,16973,14072,22255,15215,28821,27000,28979,30197,26978,25309,24850,22761,25938,11697,18465,19067,19563,16130,15486,19024,20287,22750,21649,19538,16771,15686
211,"1810211","Odemira",95131,82189,105737,77733,98283,67299,69235,91264,72118,128502,127400,135414,149721,133062,120891,124787,106695,129085,45313,66368,73936,83516,59470,59338,98678,112536,136077,123410,101276,73714,76110
1509,"1811509","Santiago do Cacém",99624,91948,123720,96042,120137,84898,90585,114472,78372,122841,112863,107890,124608,115347,99694,109771,90550,113955,41975,71869,74442,90805,69448,66823,101655,113693,141480,130078,107585,82599,80926
1513,"1811513","Sines",15158,14019,20409,15357,19716,15217,18211,21049,13737,17758,13939,8716,13442,13904,7186,11695,5847,9146,2741,8426,4600,6880,4239,3377,3428,3568,5852,5764,4679,4405,3284
1201,"1821201","Alter do Chão",35884,28082,43620,29503,45703,27582,34970,38187,23794,28967,19962,12835,20124,20227,10420,15896,8372,12631,3807,11444,6009,7954,4034,2561,1612,1667,2966,3305,2969,3243,1382
1202,"1821202","Arronches",47415,45950,71325,57203,70521,56461,71124,78589,46381,51849,35320,16040,23602,24966,10286,19755,8934,15345,4441,15914,8256,12699,7970,5738,4965,4791,8953,9148,7668,7746,4737
1203,"1821203","Avis",60132,46024,68351,45415,71768,41435,50762,58168,40298,59146,48564,44201,55648,52263,39649,48094,35159,47027,15634,30542,26876,33405,22557,20573,32093,36699,45776,42135,34633,26092,24520
1204,"1821204","Campo Maior",101080,103392,152058,130831,151811,123625,151582,168371,101691,129335,99113,69962,68449,63455,49983,60880,43603,58895,19118,42192,33259,45106,30255,24220,30794,34933,45772,43819,36820,30590,23853
1205,"1821205","Castelo de Vide",7496,7829,4999,6131,5868,3124,1599,1887,1795,2626,1995,1873,1384,1208,1026,1146,670,838,323,451,311,218,44,40,24,7,28,34,53,46,39
1206,"1821206","Crato",4902,4110,4585,3361,4382,2616,2599,3212,2664,4339,4240,4518,5937,5478,4057,4185,3154,3692,1197,2164,1726,1765,878,756,1054,1077,1690,1587,1292,1083,913
1207,"1821207","Elvas",77210,59306,85791,54605,91653,55544,63641,84241,65177,103198,97617,94264,134964,126813,92997,118020,80628,109170,35235,77796,60594,78696,52364,44658,57289,61682,83765,79850,65778,55788,45473
1208,"1821208","Fronteira",39889,26753,42502,22923,39470,22202,28013,32454,23131,30001,24054,17590,30504,32107,21018,33514,22355,35316,12471,30922,27656,41074,32512,29223,42883,48236,61866,57506,47082,36824,33438
1209,"1821209","Gavião",5081,3850,5237,3111,4664,2812,2939,3652,2928,4900,5016,5538,6822,6180,5479,5690,4779,5868,1995,3049,3368,3974,2788,2806,4701,5359,6553,5944,4810,3487,3614
1210,"1821210","Marvão",1760,1530,1314,1160,1224,601,471,500,369,447,361,372,377,332,325,284,278,315,111,154,192,209,151,151,246,276,350,317,262,192,196
1211,"1821211","Monforte",44041,31101,48755,24468,45268,26420,30745,36558,26657,33620,26712,16688,32983,34003,17226,31703,15521,26001,7552,23995,13903,21586,14451,11844,11761,11755,18390,18338,14817,14396,10413
707,"1820707","Mora",46075,36804,50587,32523,47551,26423,26472,34476,24336,37866,34706,35824,43904,40709,35691,37795,33566,42482,15398,25078,30158,36874,28212,27503,46920,53351,65211,59143,48276,34896,35054
1212,"1821212","Nisa",5447,4143,4915,3572,4729,2629,2704,3160,2647,4803,5227,7051,7429,6033,6318,5210,4829,5080,1678,1823,1896,1474,583,537,344,152,432,495,586,587,457
1213,"1821213","Ponte de Sor",24840,19839,24496,19509,22725,13003,13586,20384,14901,25959,24961,27673,35697,33890,28251,29346,27034,33722,13210,20538,25579,30670,24368,24819,42703,48645,58737,53026,43206,30954,32508
1214,"1821214","Portalegre",8297,5322,7919,4312,5785,3234,4338,4993,3613,4547,3898,3447,6733,7070,3823,4626,3253,4374,1600,3954,3223,4243,3010,2834,3882,4180,5590,5240,4231,3462,3181
701,"1830701","Alandroal",21378,14251,22515,13432,22823,15041,20165,26017,21141,32775,32155,30590,49616,49835,34689,47090,32640,46850,16270,40129,33921,48845,37589,33614,43695,46224,64266,60879,49387,42002,36049
702,"1830702","Arraiolos",77623,55390,83303,46709,75103,41669,48210,57400,39632,50387,38387,25923,43650,45190,26233,43311,25626,41018,13919,39394,29610,43186,31856,26724,33116,35924,47098,45297,37656,32283,25411
703,"1830703","Borba",15847,10376,16536,9082,14498,7958,10492,11778,7987,9652,7058,4536,9054,9844,4998,8309,4748,7648,2770,8791,6610,9694,7327,6131,7411,7583,10890,10520,8641,7692,5865
704,"1830704","Estremoz",54830,37724,59676,32528,57782,32788,41286,48136,34127,44112,33686,22984,41527,43314,23571,40976,22297,37053,12195,38348,25679,38984,27925,22439,24269,25343,35886,35454,29362,27120,19331
705,"1830705","Évora",145292,100342,157469,86040,152581,87534,108943,129072,92862,118790,92189,57524,114689,121916,62409,120649,60698,106692,33550,112648,71179,114916,83688,68958,66916,67216,98614,99316,80812,79569,56335
706,"1830706","Montemor-o-Novo",58709,42607,62102,37903,57576,33261,36791,48835,35361,54276,49802,47773,64706,60093,46086,55062,40749,52076,19444,37943,32272,37179,26704,23826,29403,31697,37925,36331,31667,27112,23149
708,"1830708","Mourão",28704,19014,30163,16020,27280,15723,20405,24054,17164,20859,15148,7495,18701,20348,7707,18399,6956,13985,4065,16661,8133,13357,8558,6039,3819,3456,6177,6958,5930,6946,3271
709,"1830709","Portel",43460,30011,47461,25078,45220,25562,31412,36526,25789,32502,24428,15296,29309,30912,15343,29452,13993,24980,7731,28726,16077,26614,18350,13590,9548,8728,15167,16538,13736,15601,8401
710,"1830710","Redondo",37717,26039,40803,20924,36713,21132,25924,30520,21990,29601,23212,19123,29227,29920,19087,26272,18444,27267,10050,25670,21770,29928,22394,19530,26691,29097,37895,35764,29422,24120,20303
711,"1830711","Reguengos de Monsaraz",46924,31813,50361,27988,47965,28454,37337,44742,32595,41326,32492,19927,46416,49715,21346,41048,18318,31878,9532,36301,19455,30879,20675,16168,11742,9204,19797,21099,16840,19516,11611
1215,"1831215","Sousel",40728,29037,45727,25235,46858,26175,32108,37068,25835,34400,25880,19086,30459,30447,17522,27971,15000,23666,7535,23496,13810,19850,12560,8860,7344,7218,11825,12432,10699,11040,5951
712,"1830712","Vendas Novas",8506,7400,8828,7423,8709,4993,4338,7531,5303,9656,9351,9922,12166,10963,9052,9578,7852,9225,3746,6514,5948,6113,4458,4060,4750,4971,5637,5465,4949,4395,3743
713,"1830713","Viana do Alentejo",36340,23596,37296,20749,32935,18113,24164,27644,19760,26055,21511,18473,29704,30602,22596,29338,25032,35236,13467,22806,29375,37785,31586,32352,56770,65004,78111,70316,57240,40515,42987
714,"1830714","Vila Viçosa",14743,10334,16255,8486,15041,8738,10399,12146,8651,10812,8510,5338,10390,10869,5522,10296,4872,8384,2473,9174,4962,8493,5962,4484,3235,2710,5897,6236,5052,5670,3375
201,"1840201","Aljustrel",103580,73513,114634,71044,129249,74154,93509,113584,84078,122934,107756,91856,143812,140141,92049,138690,79772,121490,37858,115076,71323,109264,73428,53733,41261,39108,65145,69635,58633,63517,34735
202,"1840202","Almodôvar",50697,32007,51144,26858,41042,22180,30330,34054,23343,26792,18530,10914,24669,27905,11121,21192,10584,19213,6486,27017,16209,27405,20350,16607,11913,9454,18555,19984,15628,18624,11385
203,"1840203","Alvito",20033,13643,21656,12292,22414,12848,16817,20093,14662,19984,15852,11689,20765,21062,11575,19209,10244,16284,5093,15299,9737,13702,9024,7495,7449,7217,10505,10597,8604,8543,5874
204,"1840204","Barrancos",1335,818,1323,745,1040,495,699,683,385,361,157,49,0,0,0,0,0,0,0,0,0,0,0,0,0,0,0,0,0,0,0
205,"1840205","Beja",223502,157574,249882,145774,280551,160763,205727,245581,176933,228895,171851,90781,209768,228251,100891,242573,97364,198406,61206,253831,136859,235623,165399,112511,77167,74597,125663,138906,121608,134661,62130
206,"1840206","Castro Verde",109028,73559,116980,64480,112538,61782,81055,92832,63689,77241,52488,27672,66190,75721,28705,63995,27342,53984,18184,79759,46294,77204,56795,45078,31037,23369,47383,52038,41328,50507,28335
207,"1840207","Cuba",21146,14892,23553,13421,26340,15536,19652,24056,17930,23757,18803,10779,23557,24828,11583,25830,10649,20494,6186,24607,13271,21632,14560,9537,6028,5537,9560,10963,9872,11347,4361
208,"1840208","Ferreira do Alentejo",108781,82792,121010,77629,131426,75722,86197,110424,80370,121423,107068,93184,133989,127640,91393,130214,80586,117106,38471,99492,69233,98150,67484,51918,56450,60608,84707,83719,71310,64715,44776
209,"1840209","Mértola",77480,51119,81553,47024,79276,44429,61468,71767,50644,62154,45037,24822,65644,74221,28138,61357,26259,50939,16091,69590,38070,66384,48178,38021,26254,20993,43386,46869,37122,44011,26118
210,"1840210","Moura",71534,50128,79208,44712,83070,46929,60084,70457,49458,62330,44112,23102,53516,59222,24168,58608,23373,48855,14796,62320,31168,56459,39001,27655,17012,16575,28769,32231,27227,31540,15765
212,"1840212","Ourique",49706,33290,52196,27866,45840,26164,32810,38759,28092,36392,30135,22679,41470,44489,25947,41259,25547,40840,14116,44340,33335,52827,41070,35730,38423,38064,56496,55538,44335,42122,32479
213,"1840213","Serpa",109608,76776,121920,71071,128848,72788,93846,109000,75811,95446,69654,38171,87919,96368,41327,91306,37952,74596,24417,102441,56612,93929,65286,42863,28514,27118,47009,52618,46998,52372,21903
214,"1840214","Vidigueira",40943,28829,45723,26601,50539,28548,36468,42973,30524,39370,28999,15950,34636,36628,16462,37179,15252,29332,8596,32102,16947,27297,17964,12881,10081,10042,15401,16505,14156,15031,7909
1403,"1851403","Almeirim",9328,8397,9269,9736,12279,10828,10669,15170,17298,19361,25381,31134,28906,29596,34617,35827,37709,37626,28376,30203,34762,47854,46931,47397,55450,60927,65342,63092,61140,50406,52673
1404,"1851404","Alpiarça",8841,7807,9129,11019,15794,15836,17755,25159,29516,34272,47372,61136,56541,53989,59587,56879,55778,51148,35133,35508,38009,48639,42862,41439,48576,53798,58587,56722,54096,44653,46054
1103,"1851103","Azambuja",13416,10627,13891,14218,22001,20758,24714,32190,37503,41169,56945,72342,69187,64237,66469,63579,58170,52020,35128,34024,33627,39355,31781,29268,34133,37077,39466,38228,38231,32273,34052
1405,"1851405","Benavente",55696,46907,56661,55838,81977,64868,60643,89092,105798,115122,145013,167186,165588,154912,155951,151686,140599,131054,99655,98153,99108,107074,97491,95306,111687,118395,122642,116365,123254,104359,114025
1406,"1851406","Cartaxo",6134,5255,6467,8018,12216,12882,15576,21099,25026,28267,39648,50698,48623,45897,48587,47090,44583,40669,28316,29345,30960,37213,31522,29030,34296,37844,41462,39792,38457,31879,33029
1407,"1851407","Chamusca",20505,18477,20175,22535,29214,25886,25210,37675,43472,49915,65106,79438,75285,77525,89409,94103,98379,99288,75804,82046,94217,130738,127359,124741,145888,160550,172946,167427,161878,134032,139489
1409,"1851409","Coruche",54911,51341,55464,63120,83941,69785,61519,99609,115803,134564,172120,208310,195311,190503,209984,206292,207059,198155,147233,150530,164395,207436,197966,198831,232731,253081,268721,258164,256485,212997,225638
1412,"1851412","Golegã",16495,14868,16970,21243,28466,30873,35218,49297,57001,68044,94107,122809,112273,113861,135256,135862,143727,140492,102487,108983,125493,174157,167073,167334,196023,216913,234886,227199,216687,177906,184052
1414,"1851414","Rio Maior",7210,5019,6984,6606,10149,9199,11331,13305,14855,15388,20859,25748,25765,24249,24436,25011,22868,21405,14942,15531,16194,20698,17520,15768,18483,20499,22471,21854,20871,17409,17859
1415,"1851415","Salvaterra de Magos",12631,10818,12477,16583,24746,24046,25303,38641,46290,54908,73708,91813,87876,83979,90556,87532,85530,79656,56625,56405,60056,75809,68720,68459,80141,87920,94297,90982,88559,73211,76616
1416,"1851416","Santarém",50314,36303,49376,47149,70759,64302,79754,92790,104211,104169,140683,168926,176314,164679,157430,167668,147680,139556,98769,104490,107598,134384,112214,98166,115274,127798,140848,136863,131070,109865,112573
801,"1500801","Albufeira",1021,912,1173,956,1188,818,1139,1048,902,998,1133,1404,2252,2234,2128,2174,1766,1823,889,1234,1009,841,317,344,346,190,401,341,325,334,353
802,"1500802","Alcoutim",8930,5685,8086,4366,8107,3561,7364,4617,2623,3480,1746,862,2065,2023,1786,1891,1285,2186,544,1152,824,587,97,101,111,63,126,116,129,132,138
803,"1500803","Aljezur",8462,7975,8614,8249,9031,7690,7502,10638,6212,8910,9558,11846,12440,12588,12434,12964,11582,13396,7383,7514,8988,9724,4530,3891,4173,2814,4562,4643,5426,5660,5795
804,"1500804","Castro Marim",5269,3693,5181,3055,4862,2263,4093,2644,1591,1920,1167,847,1238,1219,1131,1163,921,1164,479,587,522,416,100,86,91,62,100,102,118,122,124
805,"1500805","Faro",602,526,646,500,603,392,531,428,313,336,280,246,408,417,404,444,359,466,211,349,336,365,218,206,210,129,225,225,255,265,242
806,"1500806","Lagoa",207,198,212,208,233,206,255,256,232,228,281,346,452,450,2079,1836,1344,1908,216,1799,1798,1798,1662,1546,1552,1506,1017,1596,1067,1308,1551
807,"1500807","Lagos",4336,3850,4858,3616,4407,2772,3749,3101,2275,2385,2099,2135,3232,3240,3110,3312,2633,2860,1473,1924,1927,1992,954,864,906,578,1000,984,1101,1147,1153
808,"1500808","Loulé",7542,5980,7729,5428,7562,4488,7126,5532,3970,4604,3733,3426,5659,5558,5136,5235,4123,5440,2084,2798,2354,1814,360,320,340,207,398,375,419,430,452
809,"1500809","Monchique",1944,1923,2017,1880,1860,1616,1711,1610,1330,1121,1226,1258,1266,1363,1449,1603,1607,2040,1259,1329,1868,2342,1303,1100,1185,814,1282,1331,1569,1645,1663
810,"1500810","Olhão",560,468,566,432,532,354,476,385,291,285,267,268,310,302,286,283,245,274,130,117,110,71,0,0,0,0,0,0,0,0,0
811,"1500811","Portimão",1599,1460,1674,1392,1616,1256,1496,1359,1108,1028,1126,1295,1592,1586,1550,1588,1383,1400,841,722,861,862,341,276,296,215,318,338,405,428,431
812,"1500812","São Brás de Alportel",1210,925,1273,798,1184,611,999,706,470,544,414,384,528,524,606,586,493,629,248,363,356,320,161,142,148,133,114,156,137,156,172
813,"1500813","Silves",8346,6756,8632,6167,8726,5552,8445,6876,5132,5833,5157,5250,8674,8663,9212,9491,7540,9390,3912,5885,5890,5844,2994,2700,2825,2133,2710,3029,2998,3240,3452
814,"1500814","Tavira",13512,9631,13310,7884,13123,6386,11834,8129,5079,6573,4153,3143,6412,6302,5738,6046,4365,5932,2073,3149,2576,2040,499,438,464,310,512,510,583,607,621
815,"1500815","Vila do Bispo",3447,2692,3640,2479,3823,1987,3668,2741,1862,2719,1862,1439,4803,4880,4528,5085,3519,4861,1585,4854,3737,4004,2218,2159,2194,1218,2554,2286,2333,2405,2428
816,"1500816","Vila Real de Santo António",916,704,932,625,924,519,842,619,421,517,379,312,695,689,631,674,481,612,220,433,330,291,112,115,121,71,134,123,129,134,139
